13-passenger-cargo-plane 771 3420 873 3558
13-passenger-cargo-plane 6096 3497 6327 3683
13-passenger-cargo-plane 5838 2976 6013 3161
13-passenger-cargo-plane 6006 2078 6176 2274
13-passenger-cargo-plane 5898 1738 6081 1893
13-passenger-cargo-plane 5958 1539 6122 1708
13-passenger-cargo-plane 5976 1332 6146 1493
13-passenger-cargo-plane 5922 598 6058 745
13-passenger-cargo-plane 3402 870 3563 1030
13-passenger-cargo-plane 3399 1045 3705 1314
18-small-car 347 624 369 656
18-small-car 636 283 650 312
18-small-car 682 285 699 318
18-small-car 712 284 729 314
18-small-car 733 282 747 315
18-small-car 618 258 630 287
18-small-car 239 168 266 201
18-small-car 270 192 290 231
18-small-car 248 211 266 254
18-small-car 863 640 887 671
18-small-car 939 684 956 713
18-small-car 687 1039 703 1073
18-small-car 708 1038 720 1066
18-small-car 727 1035 742 1061
18-small-car 637 2310 651 2344
18-small-car 738 2523 756 2552
18-small-car 665 2937 701 2961
18-small-car 840 2747 867 2772
18-small-car 588 2839 603 2868
18-small-car 195 2849 224 2871
18-small-car 48 2856 64 2884
18-small-car 186 2830 214 2851
18-small-car 366 3680 396 3699
18-small-car 327 3732 344 3765
18-small-car 139 3898 153 3928
18-small-car 419 3822 445 3837
18-small-car 412 3787 441 3801
18-small-car 415 3759 442 3773
18-small-car 945 264 963 292
18-small-car 1009 261 1025 291
18-small-car 1025 258 1037 286
18-small-car 1066 249 1086 286
18-small-car 1181 250 1195 279
18-small-car 1200 244 1215 276
18-small-car 1218 241 1232 273
18-small-car 1395 226 1410 257
18-small-car 1416 224 1430 258
18-small-car 1434 219 1449 252
18-small-car 1531 218 1545 249
18-small-car 1566 217 1580 247
18-small-car 1440 134 1456 168
18-small-car 1491 131 1504 166
18-small-car 1505 130 1518 169
18-small-car 1522 132 1533 168
18-small-car 1546 130 1560 162
18-small-car 1572 125 1586 159
18-small-car 1591 123 1607 161
18-small-car 1611 121 1624 157
18-small-car 1711 19 1744 41
18-small-car 1801 198 1815 226
18-small-car 1817 191 1834 225
18-small-car 1870 191 1887 226
18-small-car 1362 544 1384 570
18-small-car 1430 525 1444 555
18-small-car 1590 528 1607 564
18-small-car 1088 1073 1120 1100
18-small-car 1143 1095 1162 1132
18-small-car 1205 1065 1218 1098
18-small-car 1218 1055 1232 1088
18-small-car 1241 989 1259 1024
18-small-car 1182 945 1219 963
18-small-car 1261 927 1296 955
18-small-car 1416 1022 1457 1040
18-small-car 1738 959 1752 997
18-small-car 1755 956 1771 994
18-small-car 1762 1023 1777 1050
18-small-car 1863 987 1883 1022
18-small-car 1870 1725 1901 1741
18-small-car 1836 1929 1872 1950
18-small-car 1737 1978 1771 2000
18-small-car 1640 1972 1669 1988
18-small-car 1612 2016 1643 2029
18-small-car 1699 1947 1727 1968
18-small-car 1551 2166 1566 2197
18-small-car 1515 2167 1533 2200
18-small-car 1498 2169 1514 2202
18-small-car 1482 2172 1497 2205
18-small-car 1463 2172 1482 2207
18-small-car 1344 2280 1375 2298
18-small-car 1410 2262 1440 2276
18-small-car 1410 2278 1440 2293
18-small-car 1500 2221 1513 2250
18-small-car 1512 2217 1526 2248
18-small-car 1528 2212 1542 2247
18-small-car 1539 2211 1554 2245
18-small-car 1746 2256 1759 2286
18-small-car 1758 2265 1773 2302
18-small-car 1043 2500 1057 2529
18-small-car 1147 2841 1161 2867
18-small-car 1181 2838 1194 2867
18-small-car 1197 2835 1213 2866
18-small-car 1222 2829 1238 2865
18-small-car 1317 2742 1332 2775
18-small-car 1509 2796 1524 2827
18-small-car 1523 2794 1536 2823
18-small-car 1536 2790 1551 2826
18-small-car 1553 2793 1567 2822
18-small-car 1583 2799 1597 2827
18-small-car 1569 2768 1594 2802
18-small-car 1616 2796 1647 2818
18-small-car 1835 2727 1849 2756
18-small-car 1407 2711 1419 2744
18-small-car 1074 3475 1106 3508
18-small-car 1841 3441 1870 3487
18-small-car 1586 4056 1610 4077
18-small-car 1589 4072 1617 4093
18-small-car 1716 3976 1732 3995
18-small-car 1691 3972 1707 3997
18-small-car 1733 3968 1747 3996
18-small-car 1746 3972 1758 3995
18-small-car 1761 3968 1771 3989
18-small-car 1604 3982 1635 4001
18-small-car 1688 4062 1698 4090
18-small-car 1772 3965 1785 3991
18-small-car 1713 3902 1726 3925
18-small-car 1727 3901 1743 3929
18-small-car 1745 3897 1758 3925
18-small-car 1781 3894 1797 3921
18-small-car 1825 3964 1837 3987
18-small-car 1839 3963 1852 3988
18-small-car 1854 3963 1868 3984
18-small-car 1869 3957 1884 3980
18-small-car 1821 3895 1836 3922
18-small-car 1833 3889 1847 3922
18-small-car 1873 3891 1887 3918
18-small-car 1885 3886 1901 3915
18-small-car 1914 3889 1926 3917
18-small-car 1926 3883 1941 3915
18-small-car 1953 3883 1964 3911
18-small-car 1964 3881 1977 3911
18-small-car 1923 3936 1956 3950
18-small-car 1948 3949 1959 3976
18-small-car 1973 3949 1987 3974
18-small-car 1920 3954 1935 3979
18-small-car 2004 3881 2016 3908
18-small-car 2016 3877 2030 3907
18-small-car 2022 3831 2056 3851
18-small-car 2097 3815 2126 3836
18-small-car 2140 3804 2170 3826
18-small-car 2179 3802 2209 3817
18-small-car 2212 3792 2242 3809
18-small-car 2248 3792 2280 3809
18-small-car 2292 3790 2323 3806
18-small-car 2328 3784 2361 3804
18-small-car 2370 3786 2397 3801
18-small-car 2408 3779 2437 3795
18-small-car 2442 3775 2473 3791
18-small-car 2385 3828 2415 3845
18-small-car 2346 3832 2375 3849
18-small-car 2214 3841 2247 3857
18-small-car 2146 3846 2175 3862
18-small-car 2103 3845 2136 3862
18-small-car 2066 3853 2097 3868
18-small-car 2055 3876 2070 3906
18-small-car 2092 3873 2106 3902
18-small-car 2106 3870 2119 3901
18-small-car 2120 3871 2135 3902
18-small-car 2137 3871 2150 3903
18-small-car 2167 3870 2180 3898
18-small-car 2183 3872 2197 3900
18-small-car 2199 3870 2209 3895
18-small-car 2223 3863 2235 3887
18-small-car 2237 3862 2249 3888
18-small-car 2251 3860 2263 3885
18-small-car 2263 3861 2276 3892
18-small-car 2276 3861 2289 3890
18-small-car 2291 3862 2303 3888
18-small-car 2304 3860 2315 3890
18-small-car 2314 3858 2328 3892
18-small-car 2328 3858 2341 3890
18-small-car 2342 3858 2355 3888
18-small-car 2354 3858 2367 3888
18-small-car 2470 3873 2489 3905
18-small-car 2510 3585 2537 3601
18-small-car 1999 3950 2013 3974
18-small-car 2026 3950 2041 3972
18-small-car 2047 3949 2062 3973
18-small-car 2070 3946 2085 3970
18-small-car 2095 3943 2109 3966
18-small-car 2111 3942 2123 3966
18-small-car 2147 3939 2159 3958
18-small-car 2189 3939 2204 3957
18-small-car 2175 3940 2187 3960
18-small-car 2215 3936 2228 3955
18-small-car 2251 3930 2277 3942
18-small-car 2254 3946 2280 3958
18-small-car 2256 3959 2281 3972
18-small-car 2258 3970 2284 3983
18-small-car 2257 3984 2280 3996
18-small-car 2260 3997 2283 4008
18-small-car 2259 4008 2281 4022
18-small-car 2258 4023 2283 4039
18-small-car 2257 4040 2286 4053
18-small-car 2258 4054 2288 4068
18-small-car 2259 4069 2290 4082
18-small-car 2259 4083 2289 4094
18-small-car 2262 4092 2288 4107
18-small-car 2352 4101 2375 4111
18-small-car 2331 4077 2352 4089
18-small-car 2325 4065 2350 4077
18-small-car 2325 4052 2349 4064
18-small-car 2321 4038 2347 4052
18-small-car 2352 4045 2377 4063
18-small-car 2345 4020 2374 4037
18-small-car 2317 3972 2341 3985
18-small-car 2314 3958 2342 3972
18-small-car 2314 3947 2340 3958
18-small-car 2313 3933 2343 3947
18-small-car 2343 3971 2370 3984
18-small-car 2343 3956 2371 3970
18-small-car 2345 3941 2370 3955
18-small-car 2370 3497 2400 3515
18-small-car 2336 3444 2365 3463
18-small-car 2238 3533 2260 3552
18-small-car 2115 3505 2139 3526
18-small-car 2616 3370 2646 3386
18-small-car 2210 3260 2241 3276
18-small-car 2220 3275 2253 3291
18-small-car 2273 3270 2304 3292
18-small-car 2238 3241 2272 3258
18-small-car 2243 3223 2274 3240
18-small-car 2208 3222 2238 3238
18-small-car 2224 3183 2257 3198
18-small-car 2214 3132 2249 3149
18-small-car 2219 3106 2254 3126
18-small-car 2487 2961 2506 2999
18-small-car 2472 2968 2487 3000
18-small-car 2456 2971 2473 3004
18-small-car 2442 2964 2455 3006
18-small-car 2426 2968 2439 2997
18-small-car 2395 2969 2410 3000
18-small-car 2412 3000 2424 3034
18-small-car 2397 3007 2411 3037
18-small-car 2384 3009 2398 3041
18-small-car 2367 3008 2382 3041
18-small-car 2354 3009 2367 3037
18-small-car 2337 3009 2351 3039
18-small-car 2322 3010 2338 3042
18-small-car 2305 3012 2319 3042
18-small-car 2283 3012 2298 3045
18-small-car 2263 3015 2278 3049
18-small-car 2246 3014 2261 3047
18-small-car 2214 3022 2230 3052
18-small-car 2201 3021 2214 3053
18-small-car 2366 2976 2382 3006
18-small-car 2352 2976 2367 3006
18-small-car 2333 2974 2348 3008
18-small-car 2315 2979 2330 3008
18-small-car 2298 2974 2311 3009
18-small-car 2284 2977 2298 3007
18-small-car 2190 2968 2206 3001
18-small-car 2172 2967 2188 3003
18-small-car 2156 2973 2172 3005
18-small-car 2148 2945 2178 2965
18-small-car 2150 2901 2164 2932
18-small-car 2163 2899 2181 2934
18-small-car 2193 2899 2208 2933
18-small-car 1980 2946 2019 2963
18-small-car 2211 2913 2225 2943
18-small-car 2227 2912 2242 2941
18-small-car 2245 2911 2262 2941
18-small-car 2274 2906 2290 2935
18-small-car 2290 2904 2304 2934
18-small-car 2305 2904 2319 2934
18-small-car 2322 2901 2334 2932
18-small-car 2336 2900 2350 2935
18-small-car 2359 2893 2370 2923
18-small-car 2376 2892 2389 2924
18-small-car 2391 2887 2403 2917
18-small-car 2391 2857 2403 2886
18-small-car 2371 2857 2383 2891
18-small-car 2354 2858 2369 2887
18-small-car 2336 2862 2349 2892
18-small-car 2318 2866 2331 2897
18-small-car 2301 2867 2315 2898
18-small-car 2286 2867 2301 2900
18-small-car 2267 2872 2284 2903
18-small-car 2245 2876 2257 2903
18-small-car 2230 2877 2246 2907
18-small-car 2215 2877 2229 2910
18-small-car 1942 2739 1957 2769
18-small-car 1962 2736 1976 2772
18-small-car 1980 2754 1994 2787
18-small-car 1995 2750 2008 2778
18-small-car 2043 2762 2055 2790
18-small-car 2068 2716 2080 2754
18-small-car 2148 2772 2176 2793
18-small-car 2122 2819 2157 2838
18-small-car 2140 2841 2167 2866
18-small-car 2237 2785 2252 2814
18-small-car 2253 2784 2267 2814
18-small-car 2268 2782 2283 2811
18-small-car 2283 2781 2296 2808
18-small-car 2297 2775 2310 2808
18-small-car 2313 2770 2326 2803
18-small-car 2328 2772 2340 2811
18-small-car 2340 2776 2355 2809
18-small-car 2356 2774 2372 2808
18-small-car 2369 2775 2385 2805
18-small-car 2385 2772 2397 2802
18-small-car 2406 2778 2420 2811
18-small-car 2422 2778 2437 2810
18-small-car 2439 2726 2452 2760
18-small-car 2430 2761 2463 2775
18-small-car 2439 2774 2452 2808
18-small-car 2454 2773 2465 2804
18-small-car 2466 2770 2479 2799
18-small-car 2482 2769 2494 2799
18-small-car 2475 2718 2487 2743
18-small-car 2497 2766 2512 2799
18-small-car 2513 2763 2528 2799
18-small-car 2529 2766 2544 2796
18-small-car 2545 2764 2559 2793
18-small-car 2559 2761 2577 2791
18-small-car 2551 2738 2581 2759
18-small-car 2617 2766 2634 2796
18-small-car 2803 2594 2823 2629
18-small-car 2247 2315 2280 2334
18-small-car 2187 2346 2218 2368
18-small-car 2505 2309 2520 2340
18-small-car 2769 2253 2799 2276
18-small-car 2732 2178 2751 2212
18-small-car 1912 1736 1938 1752
18-small-car 1931 1720 1970 1734
18-small-car 2197 989 2229 1011
18-small-car 2731 900 2759 933
18-small-car 2520 413 2550 430
18-small-car 2553 309 2583 325
18-small-car 2552 284 2582 300
18-small-car 1986 181 2004 214
18-small-car 2020 176 2034 210
18-small-car 2034 175 2050 209
18-small-car 2054 174 2070 212
18-small-car 2472 24 2489 57
18-small-car 2505 22 2519 54
18-small-car 2567 5 2587 50
18-small-car 2598 132 2618 165
18-small-car 3456 484 3478 519
18-small-car 2814 261 2838 287
18-small-car 2878 783 2898 814
18-small-car 2906 812 2928 849
18-small-car 2952 813 2982 833
18-small-car 2955 828 2987 849
18-small-car 2964 847 3000 863
18-small-car 2974 863 3002 879
18-small-car 3209 771 3241 793
18-small-car 3217 787 3246 806
18-small-car 3222 819 3253 840
18-small-car 3264 914 3294 935
18-small-car 3280 972 3312 994
18-small-car 3274 951 3300 965
18-small-car 3175 1466 3192 1494
18-small-car 2975 1868 2995 1899
18-small-car 2980 1838 3004 1871
18-small-car 3087 1807 3107 1841
18-small-car 3099 1796 3117 1829
18-small-car 2771 3738 2796 3763
18-small-car 4869 3742 4884 3771
18-small-car 5118 4080 5140 4094
18-small-car 5120 4064 5142 4078
18-small-car 5115 4050 5144 4062
18-small-car 5184 4076 5214 4087
18-small-car 5184 4059 5212 4071
18-small-car 5218 4085 5242 4095
18-small-car 5218 4064 5243 4075
18-small-car 5216 4042 5243 4058
18-small-car 5211 4033 5235 4044
18-small-car 5182 4024 5208 4034
18-small-car 5179 4012 5208 4023
18-small-car 5178 3996 5207 4008
18-small-car 5288 4101 5310 4111
18-small-car 5311 4076 5335 4088
18-small-car 5286 4078 5313 4092
18-small-car 5310 4051 5338 4065
18-small-car 5280 4052 5310 4067
18-small-car 5310 4038 5340 4050
18-small-car 5280 4038 5310 4049
18-small-car 5283 4025 5310 4037
18-small-car 5308 4014 5335 4026
18-small-car 5307 3999 5335 4011
18-small-car 5279 3987 5307 4000
18-small-car 5279 4004 5307 4017
18-small-car 5310 3984 5335 3997
18-small-car 5377 4029 5409 4047
18-small-car 5376 4001 5405 4017
18-small-car 5461 4019 5489 4032
18-small-car 5457 3995 5487 4015
18-small-car 5444 3976 5467 3992
18-small-car 5433 3959 5460 3979
18-small-car 5425 3945 5454 3958
18-small-car 5427 3930 5452 3942
18-small-car 5422 3918 5450 3929
18-small-car 5419 3906 5452 3918
18-small-car 5424 3892 5449 3903
18-small-car 5422 3878 5448 3892
18-small-car 5420 3864 5449 3877
18-small-car 5417 3848 5448 3863
18-small-car 5417 3834 5448 3849
18-small-car 5068 3953 5086 3982
18-small-car 5379 3916 5391 3937
18-small-car 5361 3912 5377 3937
18-small-car 5349 3916 5361 3938
18-small-car 5335 3915 5349 3937
18-small-car 5322 3915 5336 3940
18-small-car 5310 3917 5322 3941
18-small-car 5297 3919 5309 3942
18-small-car 5282 3919 5297 3942
18-small-car 5262 3923 5277 3946
18-small-car 5247 3927 5258 3947
18-small-car 5178 3903 5193 3924
18-small-car 5193 3903 5205 3923
18-small-car 5205 3903 5218 3925
18-small-car 5217 3901 5231 3927
18-small-car 5231 3898 5244 3922
18-small-car 5245 3897 5258 3923
18-small-car 5257 3897 5271 3922
18-small-car 5271 3894 5283 3918
18-small-car 5284 3893 5297 3918
18-small-car 5296 3893 5308 3916
18-small-car 5308 3891 5322 3920
18-small-car 5320 3891 5334 3915
18-small-car 5334 3889 5349 3915
18-small-car 5346 3887 5359 3909
18-small-car 5355 3886 5372 3912
18-small-car 5370 3886 5384 3910
18-small-car 5368 3822 5381 3847
18-small-car 5355 3823 5370 3851
18-small-car 5344 3825 5357 3852
18-small-car 5328 3825 5343 3855
18-small-car 5317 3828 5330 3856
18-small-car 5304 3828 5317 3858
18-small-car 5292 3829 5304 3857
18-small-car 5281 3831 5294 3858
18-small-car 5266 3832 5279 3861
18-small-car 5251 3833 5265 3858
18-small-car 5240 3832 5252 3858
18-small-car 5228 3832 5239 3858
18-small-car 5197 3838 5213 3861
18-small-car 5348 3542 5363 3570
18-small-car 5333 3539 5347 3570
18-small-car 5306 3545 5322 3572
18-small-car 5394 3528 5420 3543
18-small-car 5392 3516 5421 3528
18-small-car 5389 3501 5423 3517
18-small-car 5391 3477 5417 3489
18-small-car 5389 3464 5417 3474
18-small-car 5385 3446 5421 3464
18-small-car 5384 3432 5417 3443
18-small-car 5380 3420 5417 3432
18-small-car 5342 3479 5355 3501
18-small-car 5328 3480 5341 3502
18-small-car 5317 3480 5328 3502
18-small-car 5304 3480 5317 3509
18-small-car 5290 3484 5303 3510
18-small-car 5277 3483 5290 3509
18-small-car 5266 3487 5277 3515
18-small-car 5254 3486 5265 3513
18-small-car 5238 3486 5251 3512
18-small-car 5226 3486 5238 3513
18-small-car 5248 3458 5262 3482
18-small-car 5262 3457 5274 3481
18-small-car 5273 3457 5287 3480
18-small-car 5286 3455 5301 3478
18-small-car 5302 3455 5313 3480
18-small-car 5313 3453 5328 3478
18-small-car 5325 3453 5340 3479
18-small-car 5340 3452 5355 3480
18-small-car 5270 3397 5283 3424
18-small-car 5285 3398 5295 3422
18-small-car 5295 3399 5308 3423
18-small-car 5306 3397 5321 3422
18-small-car 5321 3396 5335 3420
18-small-car 5336 3399 5349 3427
18-small-car 5332 3360 5345 3393
18-small-car 5322 3367 5333 3396
18-small-car 5308 3372 5322 3397
18-small-car 5297 3370 5308 3394
18-small-car 5280 3367 5296 3396
18-small-car 5069 3425 5085 3457
18-small-car 5085 3400 5103 3429
18-small-car 5379 3345 5407 3360
18-small-car 5376 3333 5411 3348
18-small-car 4924 3211 4942 3240
18-small-car 4950 3055 4965 3081
18-small-car 4950 3164 4967 3190
18-small-car 4965 2823 4978 2856
18-small-car 4929 2750 4943 2787
18-small-car 4914 2817 4931 2853
18-small-car 5032 3047 5051 3080
18-small-car 4960 3076 4980 3109
18-small-car 4986 3139 5010 3176
18-small-car 5359 2779 5375 2809
18-small-car 5375 2777 5388 2810
18-small-car 5389 2778 5403 2810
18-small-car 5333 2631 5348 2663
18-small-car 5587 2792 5599 2827
18-small-car 5362 2808 5377 2841
18-small-car 5385 2383 5411 2414
18-small-car 5344 2334 5364 2358
18-small-car 5355 2349 5375 2370
18-small-car 5244 2100 5271 2120
18-small-car 5004 2136 5025 2163
18-small-car 4964 1989 4987 2013
18-small-car 5058 2076 5079 2098
18-small-car 5974 2771 6004 2793
18-small-car 5961 2896 5980 2932
18-small-car 1522 4043 1548 4072
23-truck 714 1191 809 1218
23-truck 833 1095 855 1146
23-truck 836 1235 900 1271
19-bus 80 2432 146 2462
19-bus 153 2478 213 2500
19-bus 213 2475 276 2497
19-bus 277 2469 340 2492
19-bus 285 2424 349 2449
19-bus 354 2460 416 2484
19-bus 398 2415 463 2443
19-bus 500 2385 534 2420
19-bus 6 2816 26 2869
19-bus 1907 3357 1944 3416
19-bus 1935 3283 1967 3345
19-bus 1938 3209 1967 3272
19-bus 1932 3134 1959 3199
23-truck 2063 3195 2084 3255
18-small-car 1227 2187 1260 2208
19-bus 3003 1986 3058 2021
19-bus 3083 1924 3107 1992
19-bus 3062 1823 3086 1889
19-bus 2655 1848 2709 1889
19-bus 2595 1815 2652 1858
19-bus 2463 1745 2516 1787
19-bus 2400 1713 2455 1753
19-bus 2342 1679 2399 1721
19-bus 2280 1644 2337 1692
19-bus 4945 3678 4968 3733
18-small-car 3705 3087 3722 3117
18-small-car 3684 3193 3705 3222
18-small-car 3630 3289 3659 3309
18-small-car 3562 3299 3598 3315
18-small-car 3639 2538 3655 2565
18-small-car 3630 2390 3645 2418
18-small-car 3548 2364 3564 2397
18-small-car 3985 2175 4011 2190
18-small-car 4040 2167 4065 2182
18-small-car 4130 2170 4162 2190
18-small-car 4230 2192 4259 2209
18-small-car 4328 2216 4353 2232
18-small-car 4407 2235 4433 2253
18-small-car 4542 2271 4569 2289
23-truck 3683 2112 3722 2143
19-bus 3615 2108 3675 2147
19-bus 3799 2055 3858 2082
18-small-car 4628 2394 4654 2417
18-small-car 4710 2525 4745 2559
18-small-car 4807 2469 4833 2495
18-small-car 4841 2514 4868 2544
18-small-car 4877 2529 4904 2554
18-small-car 4880 2562 4902 2586
18-small-car 4772 2403 4799 2430
18-small-car 4851 2406 4878 2435
18-small-car 4803 2355 4835 2392
18-small-car 4677 2469 4705 2497
18-small-car 4671 2303 4695 2320
18-small-car 4699 2316 4722 2338
18-small-car 4634 2310 4662 2327
18-small-car 4639 2293 4668 2309
18-small-car 4477 2288 4503 2304
18-small-car 4573 2277 4600 2293
18-small-car 4153 2268 4180 2289
18-small-car 3900 2253 3929 2268
18-small-car 3471 1572 3490 1599
18-small-car 3489 1569 3504 1597
18-small-car 3505 1563 3523 1596
18-small-car 3519 1558 3538 1592
18-small-car 3534 1554 3550 1585
18-small-car 3552 1560 3567 1588
18-small-car 3567 1559 3589 1586
18-small-car 3639 1562 3657 1599
18-small-car 3575 1761 3593 1788
18-small-car 3679 1773 3708 1799
18-small-car 3704 1933 3720 1970
18-small-car 3678 1845 3704 1888
18-small-car 3538 1760 3560 1789
18-small-car 4076 2955 4098 2978
18-small-car 4095 2940 4122 2959
18-small-car 4287 2905 4315 2937
18-small-car 4243 2946 4266 2959
18-small-car 4267 2940 4293 2955
18-small-car 4245 2965 4271 2979
18-small-car 4273 2958 4301 2978
18-small-car 4134 2973 4161 2990
18-small-car 4101 2973 4128 2991
18-small-car 4100 2955 4131 2972
18-small-car 4014 2794 4032 2824
18-small-car 4029 2792 4048 2828
18-small-car 553 564 594 583
21-utility-truck 250 3701 309 3834
21-utility-truck 137 3727 207 3878
21-utility-truck 345 3705 402 3836
18-small-car 2148 3485 2186 3515
21-utility-truck 2069 2947 2122 3102
21-utility-truck 1511 2863 1668 2899
21-utility-truck 1410 2856 1519 2887
18-small-car 2630 14 2652 50
18-small-car 2323 129 2343 173
64-excavator 1909 2134 1983 2195
18-small-car 2879 2268 2912 2289
