23-truck 206 22 268 39
23-truck 202 38 265 58
23-truck 227 89 288 112
23-truck 338 90 397 120
23-truck 343 116 400 149
23-truck 352 136 409 174
23-truck 350 158 406 191
23-truck 361 182 420 210
23-truck 348 200 405 227
23-truck 332 215 390 243
23-truck 282 242 338 274
23-truck 196 154 244 205
23-truck 156 330 183 385
23-truck 75 342 103 408
23-truck 1 2 23 60
23-truck 13 72 40 136
23-truck 135 30 170 78
23-truck 77 1 106 33
23-truck 537 945 573 971
23-truck 641 899 674 924
23-truck 21 637 43 674
23-truck 18 673 41 721
23-truck 488 72 517 103
23-truck 495 88 524 116
23-truck 503 95 532 127
23-truck 442 183 463 222
23-truck 360 234 390 266
23-truck 107 533 130 593
