18-small-car 258 128 270 156
18-small-car 276 210 288 235
18-small-car 40 1007 52 1028
18-small-car 177 1508 202 1520
18-small-car 176 1520 202 1531
18-small-car 178 1533 203 1547
18-small-car 112 1500 135 1513
18-small-car 112 1513 135 1525
18-small-car 110 1525 138 1540
18-small-car 173 1620 207 1633
18-small-car 175 1633 205 1648
18-small-car 1062 1881 1086 1895
18-small-car 1245 1763 1267 1776
18-small-car 1191 1433 1212 1446
18-small-car 1192 1531 1221 1546
18-small-car 1126 1508 1150 1521
18-small-car 1126 1520 1148 1532
18-small-car 1123 1543 1147 1557
18-small-car 1067 1546 1092 1560
18-small-car 1067 1558 1091 1572
18-small-car 1040 1547 1065 1558
18-small-car 1042 1558 1063 1572
18-small-car 1042 1595 1066 1608
18-small-car 1042 1632 1066 1647
18-small-car 982 1582 1010 1596
18-small-car 982 1608 1006 1621
18-small-car 982 1621 1006 1635
18-small-car 1116 1437 1137 1455
18-small-car 1121 1352 1137 1376
18-small-car 1326 1240 1338 1265
18-small-car 1301 1238 1313 1265
18-small-car 1606 1431 1630 1443
18-small-car 1522 1517 1550 1531
18-small-car 1527 1541 1546 1555
18-small-car 1528 1580 1551 1593
18-small-car 1522 1603 1551 1617
18-small-car 1525 1807 1547 1821
18-small-car 1471 1807 1495 1821
18-small-car 2672 1225 2696 1240
18-small-car 2776 476 2801 490
18-small-car 2795 91 2813 106
18-small-car 2792 162 2815 181
18-small-car 2788 195 2812 213
18-small-car 2712 52 2737 70
18-small-car 2715 175 2741 193
18-small-car 2731 216 2751 236
18-small-car 2726 293 2750 313
18-small-car 2705 345 2733 361
18-small-car 2656 197 2676 213
18-small-car 2628 47 2652 63
18-small-car 2398 52 2422 70
18-small-car 2396 96 2426 113
18-small-car 2422 161 2452 180
18-small-car 2550 212 2570 230
18-small-car 2555 242 2573 258
18-small-car 2578 260 2597 278
18-small-car 2575 283 2597 306
18-small-car 2573 307 2595 327
18-small-car 2553 346 2577 361
18-small-car 2555 286 2575 305
18-small-car 2496 253 2520 272
18-small-car 2501 272 2523 291
18-small-car 2497 285 2521 303
18-small-car 2475 255 2496 275
18-small-car 2473 288 2497 305
18-small-car 2467 298 2488 317
18-small-car 2426 208 2448 226
18-small-car 2422 268 2446 286
18-small-car 2422 286 2446 303
18-small-car 2423 302 2445 320
18-small-car 2398 160 2420 175
18-small-car 2401 173 2421 188
18-small-car 2400 188 2423 207
18-small-car 2400 207 2422 222
18-small-car 2398 221 2422 238
18-small-car 2401 236 2422 252
18-small-car 2402 251 2422 267
18-small-car 2346 75 2368 93
18-small-car 2347 137 2370 156
18-small-car 2347 155 2368 170
18-small-car 2347 167 2372 187
18-small-car 2347 182 2371 198
18-small-car 2347 197 2370 213
18-small-car 2346 211 2368 230
18-small-car 2343 227 2366 245
18-small-car 2347 243 2371 262
18-small-car 2348 283 2372 301
18-small-car 2317 106 2343 126
18-small-car 2322 166 2343 185
18-small-car 2321 182 2343 200
18-small-car 2321 210 2342 227
18-small-car 2321 303 2335 328
18-small-car 2282 308 2296 336
18-small-car 2243 1 2263 15
18-small-car 2272 90 2296 111
18-small-car 2272 165 2293 186
18-small-car 2292 176 2311 196
18-small-car 2273 210 2295 231
20-pickup-truck 2232 56 2270 91
18-small-car 2238 113 2261 128
18-small-car 2241 127 2262 141
18-small-car 2236 140 2262 162
18-small-car 2241 158 2261 173
18-small-car 2240 175 2262 192
18-small-car 2240 191 2261 207
18-small-car 2240 203 2261 223
18-small-car 2240 217 2262 238
18-small-car 2241 235 2263 255
18-small-car 2241 266 2268 287
18-small-car 2168 25 2193 51
18-small-car 2171 66 2193 85
18-small-car 2175 88 2200 110
18-small-car 2172 110 2193 127
18-small-car 2175 125 2192 140
18-small-car 2176 141 2197 157
18-small-car 2173 157 2195 175
18-small-car 2173 168 2196 185
18-small-car 2170 186 2195 207
18-small-car 2173 216 2195 232
18-small-car 2175 233 2196 248
18-small-car 2172 248 2193 263
18-small-car 2171 263 2190 281
18-small-car 2171 273 2197 296
18-small-car 2173 291 2195 310
18-small-car 2175 306 2200 325
18-small-car 2150 46 2170 65
18-small-car 2150 80 2171 96
18-small-car 2150 91 2173 112
18-small-car 2147 122 2167 141
18-small-car 2147 137 2175 156
18-small-car 2148 153 2172 171
18-small-car 2147 166 2175 188
18-small-car 2151 182 2173 198
18-small-car 2151 196 2172 213
18-small-car 2150 228 2171 245
18-small-car 2153 240 2172 256
18-small-car 2151 257 2172 276
18-small-car 2150 275 2171 292
18-small-car 2152 287 2172 306
18-small-car 2098 48 2121 67
18-small-car 2097 95 2122 115
18-small-car 2098 157 2122 175
18-small-car 2097 167 2123 187
18-small-car 2098 185 2120 202
18-small-car 2098 200 2120 218
18-small-car 2096 213 2120 232
18-small-car 2097 228 2118 246
18-small-car 2097 260 2121 280
18-small-car 2098 283 2121 301
18-small-car 2071 92 2095 111
18-small-car 2070 122 2092 142
18-small-car 2071 152 2097 176
18-small-car 2071 170 2096 187
18-small-car 2071 183 2097 205
18-small-car 2073 200 2095 218
18-small-car 2072 216 2096 235
18-small-car 2071 230 2095 247
18-small-car 1998 63 2017 77
18-small-car 2021 110 2042 128
18-small-car 2020 127 2045 145
18-small-car 2020 156 2042 175
18-small-car 2016 172 2041 191
18-small-car 2023 183 2046 202
18-small-car 2017 202 2043 221
18-small-car 2020 218 2042 237
18-small-car 2023 230 2046 248
18-small-car 1996 78 2020 96
18-small-car 1997 108 2018 126
18-small-car 1997 125 2020 142
18-small-car 1993 141 2018 158
18-small-car 1995 156 2017 172
18-small-car 1996 171 2018 187
18-small-car 1995 186 2018 203
18-small-car 2001 198 2022 215
18-small-car 1991 215 2017 233
18-small-car 1996 232 2018 248
18-small-car 1996 246 2018 262
18-small-car 1997 265 2020 281
18-small-car 1996 286 2020 301
18-small-car 1935 66 1957 87
18-small-car 1935 113 1957 133
18-small-car 1940 128 1962 147
18-small-car 1937 145 1958 163
18-small-car 1937 158 1960 177
18-small-car 1935 173 1955 193
18-small-car 1937 192 1956 208
18-small-car 1933 221 1960 238
18-small-car 1935 236 1955 253
18-small-car 1936 265 1958 283
18-small-car 1933 280 1957 297
18-small-car 1933 295 1957 315
18-small-car 1913 158 1933 172
18-small-car 1911 172 1938 193
18-small-car 1912 190 1936 206
18-small-car 1916 205 1935 217
18-small-car 1912 218 1936 233
18-small-car 1911 233 1933 252
18-small-car 1913 247 1936 266
18-small-car 1908 266 1931 285
18-small-car 1913 277 1936 295
18-small-car 1911 295 1933 312
18-small-car 1931 1 1950 8
18-small-car 1860 96 1882 113
18-small-car 1828 93 1855 116
18-small-car 1860 153 1882 175
18-small-car 1860 172 1881 191
18-small-car 1858 186 1881 203
18-small-car 1861 203 1885 221
18-small-car 1857 217 1878 233
18-small-car 1860 261 1880 278
18-small-car 1861 277 1883 297
18-small-car 1861 293 1885 313
18-small-car 1832 141 1857 161
18-small-car 1835 158 1856 178
18-small-car 1836 205 1857 222
18-small-car 1832 231 1858 252
18-small-car 1835 247 1857 268
18-small-car 1835 263 1857 282
18-small-car 1835 280 1860 300
18-small-car 1838 297 1860 315
18-small-car 1836 312 1860 331
18-small-car 1760 1 1782 17
18-small-car 1780 25 1798 40
18-small-car 1785 97 1808 115
18-small-car 1780 127 1800 148
18-small-car 1782 157 1803 176
18-small-car 1783 186 1802 206
18-small-car 1780 202 1802 223
18-small-car 1783 231 1803 250
18-small-car 1782 247 1802 268
18-small-car 1781 265 1802 282
18-small-car 1778 281 1805 300
18-small-car 1781 295 1801 312
18-small-car 1760 51 1780 66
18-small-car 1757 65 1782 85
18-small-car 1756 81 1781 100
18-small-car 1758 128 1780 146
18-small-car 1756 155 1785 176
18-small-car 1753 188 1780 205
18-small-car 1757 207 1778 223
18-small-car 1760 220 1781 237
18-small-car 1756 236 1781 252
18-small-car 1760 248 1782 266
18-small-car 1761 265 1783 281
18-small-car 1757 280 1783 295
18-small-car 1758 292 1781 313
18-small-car 2501 911 2511 933
18-small-car 2145 1236 2170 1251
18-small-car 2146 1251 2168 1263
18-small-car 2102 1323 2130 1337
18-small-car 2156 1325 2181 1356
18-small-car 2112 1345 2141 1363
18-small-car 2156 1395 2170 1425
18-small-car 2098 1423 2112 1452
18-small-car 1825 1622 1836 1651
18-small-car 2060 1866 2070 1890
18-small-car 1958 1866 1968 1891
18-small-car 1885 1865 1896 1891
18-small-car 1556 1055 1581 1067
18-small-car 1547 1017 1576 1031
18-small-car 1330 431 1352 443
18-small-car 1270 905 1291 918
18-small-car 1267 967 1290 981
18-small-car 1267 993 1288 1007
18-small-car 1267 1080 1288 1092
18-small-car 1268 1042 1288 1055
18-small-car 947 1887 970 1898
