18-small-car 495 1264 523 1281
18-small-car 504 1233 534 1247
18-small-car 502 1214 530 1230
18-small-car 513 1185 537 1199
18-small-car 518 1173 545 1189
18-small-car 521 1152 549 1165
18-small-car 521 1134 551 1149
18-small-car 788 1053 817 1070
18-small-car 678 1028 704 1049
18-small-car 657 1672 673 1688
18-small-car 746 1625 761 1652
18-small-car 760 1624 776 1653
18-small-car 813 1633 828 1661
18-small-car 801 1597 817 1627
18-small-car 792 1525 810 1554
18-small-car 831 1530 847 1562
18-small-car 846 1531 860 1564
18-small-car 791 1491 807 1519
18-small-car 918 1443 933 1473
18-small-car 933 1369 949 1401
18-small-car 899 1332 915 1362
18-small-car 973 1191 988 1222
18-small-car 939 1135 957 1173
18-small-car 771 1514 785 1545
18-small-car 917 1078 947 1096
18-small-car 1419 1454 1434 1484
18-small-car 1688 1459 1719 1480
18-small-car 1643 1608 1662 1641
18-small-car 1691 1661 1709 1688
18-small-car 738 1512 751 1539
18-small-car 716 1473 729 1500
18-small-car 831 1497 846 1525
18-small-car 728 1474 741 1504
