40-maritime-vessel 189 1665 249 1758
40-maritime-vessel 372 1848 414 1941
40-maritime-vessel 186 1881 246 1977
40-maritime-vessel 267 2094 345 2181
40-maritime-vessel 258 2259 312 2346
40-maritime-vessel 2415 2268 2466 2373
40-maritime-vessel 3444 2436 3528 2532
40-maritime-vessel 2982 2118 3072 2214
40-maritime-vessel 3537 1986 3621 2061
40-maritime-vessel 2847 1665 2931 1767
40-maritime-vessel 4146 1764 4233 1857
40-maritime-vessel 3234 1344 3327 1425
40-maritime-vessel 3480 1203 3552 1302
40-maritime-vessel 3780 1263 3918 1407
40-maritime-vessel 4224 1401 4290 1491
40-maritime-vessel 4452 1134 4503 1254
40-maritime-vessel 3651 693 3711 738
40-maritime-vessel 3573 276 3678 327
40-maritime-vessel 2265 1074 2340 1116
40-maritime-vessel 2181 1101 2265 1140
40-maritime-vessel 2073 1227 2205 1281
40-maritime-vessel 1974 1230 2055 1275
40-maritime-vessel 1755 1308 1794 1404
40-maritime-vessel 1728 1317 1767 1413
