13-passenger-cargo-plane 3107 429 3293 646
13-passenger-cargo-plane 3771 259 3953 431
13-passenger-cargo-plane 3257 574 3398 679
13-passenger-cargo-plane 3399 866 3564 1024
13-passenger-cargo-plane 3678 726 3843 936
13-passenger-cargo-plane 2781 901 3049 1146
13-passenger-cargo-plane 2933 1173 3103 1332
13-passenger-cargo-plane 2963 1352 3166 1525
13-passenger-cargo-plane 3523 1356 3720 1528
13-passenger-cargo-plane 5626 2041 5786 2186
13-passenger-cargo-plane 6018 2041 6150 2198
13-passenger-cargo-plane 5952 1547 6107 1690
13-passenger-cargo-plane 5967 1324 6136 1495
13-passenger-cargo-plane 5014 1547 5149 1681
13-passenger-cargo-plane 4573 1533 4776 1703
13-passenger-cargo-plane 4600 1350 4751 1473
13-passenger-cargo-plane 4666 1140 4851 1308
13-passenger-cargo-plane 5376 999 5543 1120
13-passenger-cargo-plane 5349 840 5505 966
13-passenger-cargo-plane 5198 445 5342 593
13-passenger-cargo-plane 4780 608 4945 756
13-passenger-cargo-plane 4127 988 4403 1228
13-passenger-cargo-plane 4241 788 4429 957
13-passenger-cargo-plane 4281 630 4446 797
13-passenger-cargo-plane 4509 147 4712 315
13-passenger-cargo-plane 5912 598 6051 741
13-passenger-cargo-plane 5946 756 6111 928
13-passenger-cargo-plane 5893 949 6053 1123
13-passenger-cargo-plane 5646 2886 5815 3081
13-passenger-cargo-plane 6036 2937 6182 3090
13-passenger-cargo-plane 1674 3324 1781 3459
13-passenger-cargo-plane 1533 3332 1641 3467
13-passenger-cargo-plane 1389 3368 1496 3503
13-passenger-cargo-plane 1216 3368 1352 3519
13-passenger-cargo-plane 1073 3392 1180 3528
13-passenger-cargo-plane 918 3405 1024 3537
13-passenger-cargo-plane 677 3192 797 3294
13-passenger-cargo-plane 446 3443 553 3574
19-bus 165 2469 231 2488
19-bus 240 2463 303 2481
19-bus 211 2424 276 2446
19-bus 405 2454 467 2473
19-bus 477 2442 538 2463
19-bus 484 2358 536 2411
19-bus 409 2407 471 2434
19-bus 409 2385 472 2411
19-bus 271 2282 294 2347
19-bus 296 2275 315 2336
19-bus 312 2283 338 2342
19-bus 359 2290 382 2354
19-bus 1505 1947 1527 2013
19-bus 973 2946 1038 2971
19-bus 954 3571 1015 3591
19-bus 4898 3996 4921 4056
18-small-car 467 284 483 317
18-small-car 544 280 561 305
18-small-car 577 277 591 305
18-small-car 597 280 611 309
18-small-car 615 277 629 311
18-small-car 632 273 645 308
18-small-car 5182 4090 5207 4105
18-small-car 5177 4074 5208 4090
18-small-car 5209 4086 5238 4105
18-small-car 5211 4074 5238 4089
18-small-car 5205 4061 5236 4077
18-small-car 5177 4050 5207 4065
18-small-car 5176 4035 5205 4051
18-small-car 5208 4040 5234 4056
18-small-car 5207 4026 5234 4040
18-small-car 5177 4013 5204 4026
18-small-car 5175 3999 5204 4014
18-small-car 5172 3980 5203 3999
18-small-car 5275 4030 5300 4044
18-small-car 5273 4015 5300 4032
18-small-car 5272 4005 5301 4019
18-small-car 5271 3990 5300 4004
18-small-car 5271 3971 5299 3988
18-small-car 5302 4003 5330 4015
18-small-car 4791 3878 4806 3910
18-small-car 4892 3872 4908 3905
18-small-car 4866 3797 4880 3821
18-small-car 4890 3769 4907 3804
18-small-car 4921 3660 4939 3695
18-small-car 4911 3582 4928 3614
18-small-car 5043 3474 5063 3506
18-small-car 5301 3987 5331 3999
18-small-car 5302 3970 5328 3985
18-small-car 5373 3988 5400 4002
18-small-car 5373 4005 5401 4022
18-small-car 5373 4041 5403 4060
18-small-car 5154 3900 5173 3928
18-small-car 5175 3914 5187 3939
18-small-car 5186 3910 5200 3938
18-small-car 5199 3911 5212 3936
18-small-car 5214 3913 5224 3937
18-small-car 5226 3912 5239 3937
18-small-car 5239 3911 5252 3933
18-small-car 5253 3915 5268 3938
18-small-car 5277 3911 5290 3935
18-small-car 5292 3910 5304 3934
18-small-car 5304 3910 5317 3934
18-small-car 5357 3903 5368 3927
18-small-car 5370 3903 5382 3930
18-small-car 5368 3874 5380 3897
18-small-car 5353 3876 5366 3901
18-small-car 5341 3874 5354 3900
18-small-car 5327 3875 5341 3905
18-small-car 5314 3875 5328 3905
18-small-car 5302 3878 5314 3906
18-small-car 5288 3876 5301 3905
18-small-car 5274 3882 5287 3906
18-small-car 5264 3881 5274 3907
18-small-car 5250 3882 5261 3907
18-small-car 5238 3886 5250 3909
18-small-car 5225 3888 5237 3911
18-small-car 5212 3886 5225 3909
18-small-car 5199 3888 5211 3909
18-small-car 5061 3414 5080 3450
18-small-car 5031 3376 5062 3399
18-small-car 4919 3317 4938 3358
18-small-car 5076 3323 5090 3350
18-small-car 5091 3324 5103 3351
18-small-car 4638 4062 4655 4094
18-small-car 4633 3972 4646 4005
18-small-car 4606 3754 4623 3784
18-small-car 4511 3591 4535 3617
18-small-car 4509 3555 4530 3584
18-small-car 4936 3188 4953 3214
18-small-car 4848 3348 4863 3373
18-small-car 4932 3231 4948 3258
18-small-car 4920 3113 4938 3141
18-small-car 4953 3107 4967 3133
18-small-car 4932 3059 4947 3085
18-small-car 4956 3063 4976 3094
18-small-car 4947 3018 4962 3043
18-small-car 3951 3792 3978 3809
18-small-car 4102 3559 4130 3579
18-small-car 4280 3508 4311 3527
18-small-car 4173 3472 4204 3487
18-small-car 4088 3474 4119 3491
18-small-car 4008 3685 4036 3702
18-small-car 4100 3825 4115 3862
18-small-car 4115 3820 4128 3855
18-small-car 4128 3827 4143 3860
18-small-car 4167 3819 4182 3852
18-small-car 4439 3193 4463 3218
18-small-car 4035 2867 4052 2894
18-small-car 3955 2944 3973 2976
18-small-car 3975 2945 3996 2979
18-small-car 4072 2955 4087 2989
18-small-car 4107 3034 4132 3051
18-small-car 4269 2934 4289 2949
18-small-car 4250 2940 4271 2952
18-small-car 4229 2940 4251 2953
18-small-car 459 0 485 27
18-small-car 648 276 664 309
18-small-car 667 276 681 303
18-small-car 727 267 744 303
18-small-car 753 266 766 301
18-small-car 790 259 803 294
18-small-car 805 263 820 295
18-small-car 821 262 835 294
18-small-car 846 261 861 294
18-small-car 869 259 883 289
18-small-car 885 262 899 291
18-small-car 924 251 941 288
18-small-car 493 700 523 716
18-small-car 500 719 531 735
18-small-car 429 780 456 796
18-small-car 319 1002 351 1039
18-small-car 300 1062 327 1095
18-small-car 361 1075 379 1114
18-small-car 514 1000 528 1033
18-small-car 636 1032 650 1063
18-small-car 702 1011 716 1044
18-small-car 723 1001 736 1034
18-small-car 889 1038 903 1066
18-small-car 924 1040 937 1073
18-small-car 944 984 959 1019
18-small-car 219 2283 234 2321
18-small-car 438 2486 468 2505
18-small-car 310 2466 343 2482
18-small-car 807 2475 823 2507
18-small-car 213 2839 249 2859
18-small-car 241 2859 271 2881
18-small-car 42 2850 54 2877
18-small-car 870 3937 897 3960
18-small-car 907 3906 930 3924
18-small-car 743 4008 770 4031
18-small-car 692 3756 706 3784
18-small-car 660 3774 672 3804
18-small-car 646 3778 662 3809
18-small-car 351 3744 365 3778
18-small-car 456 827 474 843
18-small-car 941 624 958 663
18-small-car 1028 244 1042 276
18-small-car 1068 240 1083 273
18-small-car 1143 239 1157 272
18-small-car 1162 236 1176 271
18-small-car 1200 233 1215 262
18-small-car 1353 217 1370 249
18-small-car 1373 208 1389 240
18-small-car 1394 216 1407 247
18-small-car 1416 208 1432 240
18-small-car 1434 127 1449 161
18-small-car 1432 85 1446 117
18-small-car 1492 120 1507 156
18-small-car 1508 120 1522 157
18-small-car 1528 115 1542 153
18-small-car 1543 111 1558 149
18-small-car 1561 112 1578 146
18-small-car 1585 108 1602 146
18-small-car 1605 107 1623 144
18-small-car 1522 211 1539 241
18-small-car 1555 205 1569 240
18-small-car 1572 204 1589 240
18-small-car 1591 204 1607 236
18-small-car 1609 201 1626 237
18-small-car 1631 196 1645 231
18-small-car 1650 195 1663 229
18-small-car 1683 192 1698 224
18-small-car 1836 183 1851 214
18-small-car 1267 366 1302 392
18-small-car 1113 637 1128 672
18-small-car 1266 579 1281 610
18-small-car 980 1006 995 1041
18-small-car 1050 998 1064 1032
18-small-car 1355 992 1367 1028
18-small-car 1497 1010 1510 1042
18-small-car 1530 1005 1545 1036
18-small-car 1651 1036 1666 1070
18-small-car 1652 934 1670 971
18-small-car 1689 930 1703 962
18-small-car 1734 912 1749 945
18-small-car 1758 1026 1772 1059
18-small-car 1818 1115 1849 1132
18-small-car 1902 1087 1927 1117
18-small-car 1419 2160 1433 2193
18-small-car 1436 2156 1451 2190
18-small-car 1482 2151 1499 2186
18-small-car 1499 2149 1516 2184
18-small-car 1516 2147 1530 2183
18-small-car 1019 2406 1034 2445
18-small-car 1656 2242 1671 2278
18-small-car 1674 2216 1695 2262
18-small-car 1695 2235 1708 2280
18-small-car 1704 2199 1716 2238
18-small-car 1107 2778 1122 2817
18-small-car 1122 2778 1138 2817
18-small-car 1137 2778 1156 2822
18-small-car 1128 2829 1161 2847
18-small-car 1119 2850 1144 2867
18-small-car 1124 2874 1165 2897
18-small-car 1239 2819 1272 2846
18-small-car 1242 2783 1272 2814
18-small-car 1257 2739 1271 2774
18-small-car 1491 2761 1506 2796
18-small-car 1507 2744 1523 2783
18-small-car 1542 2784 1556 2818
18-small-car 1557 2781 1573 2823
18-small-car 1572 2785 1585 2814
18-small-car 1585 2778 1601 2817
18-small-car 1602 2783 1617 2817
18-small-car 1617 2781 1631 2819
18-small-car 1632 2781 1648 2820
18-small-car 1649 2780 1664 2817
18-small-car 1702 2781 1732 2812
18-small-car 1855 2754 1870 2795
18-small-car 1914 2730 1931 2771
18-small-car 1304 2751 1329 2811
18-small-car 1827 3377 1856 3393
18-small-car 1002 3651 1034 3672
18-small-car 1464 3621 1494 3638
18-small-car 1336 3583 1371 3602
18-small-car 1033 3588 1074 3606
18-small-car 1458 3535 1499 3554
18-small-car 1877 3483 1899 3517
18-small-car 1527 3585 1563 3607
18-small-car 1593 4071 1618 4097
18-small-car 1584 4060 1609 4086
18-small-car 1575 4051 1601 4076
18-small-car 1557 4031 1577 4055
18-small-car 1647 3978 1664 4009
18-small-car 1692 3889 1705 3920
18-small-car 1707 3890 1720 3921
18-small-car 1722 3893 1736 3924
18-small-car 1737 3886 1749 3918
18-small-car 1749 3884 1763 3914
18-small-car 1761 3884 1776 3915
18-small-car 1773 3885 1788 3924
18-small-car 1801 3885 1815 3913
18-small-car 1813 3876 1828 3910
18-small-car 1827 3878 1840 3911
18-small-car 1839 3877 1854 3909
18-small-car 1852 3874 1866 3906
18-small-car 1864 3873 1879 3906
18-small-car 1879 3875 1891 3903
18-small-car 1892 3874 1905 3905
18-small-car 1904 3873 1915 3901
18-small-car 1917 3869 1931 3906
18-small-car 1829 3928 1855 3944
18-small-car 1680 3964 1694 3992
18-small-car 1698 3966 1710 3992
18-small-car 1715 3964 1728 3993
18-small-car 1728 3964 1740 3991
18-small-car 1740 3959 1752 3988
18-small-car 1755 3960 1766 3989
18-small-car 1767 3957 1778 3987
18-small-car 1779 3954 1791 3989
18-small-car 1803 3957 1816 3984
18-small-car 1817 3952 1830 3987
18-small-car 1833 3955 1843 3980
18-small-car 1847 3954 1860 3978
18-small-car 1862 3950 1877 3978
18-small-car 1878 3948 1890 3981
18-small-car 1892 3945 1903 3979
18-small-car 1905 3945 1917 3978
18-small-car 2045 160 2061 198
18-small-car 2557 128 2572 160
18-small-car 2617 531 2631 566
18-small-car 2649 571 2664 603
18-small-car 2684 572 2699 603
18-small-car 2747 778 2779 801
18-small-car 2751 798 2781 817
18-small-car 2526 889 2558 903
18-small-car 1969 2180 1989 2210
18-small-car 1926 2262 1950 2295
18-small-car 1930 2731 1944 2765
18-small-car 1942 2732 1957 2763
18-small-car 1958 2731 1974 2769
18-small-car 1977 2732 1989 2764
18-small-car 1989 2726 2005 2775
18-small-car 2005 2721 2021 2759
18-small-car 2038 2715 2052 2750
18-small-car 2052 2717 2067 2751
18-small-car 2068 2717 2082 2749
18-small-car 2084 2720 2099 2748
18-small-car 2083 2785 2097 2821
18-small-car 2099 2778 2113 2814
18-small-car 2115 2776 2132 2811
18-small-car 2148 2782 2163 2814
18-small-car 2163 2780 2177 2813
18-small-car 2193 2779 2208 2813
18-small-car 2226 2775 2245 2812
18-small-car 2256 2772 2271 2805
18-small-car 2274 2777 2288 2814
18-small-car 2290 2775 2304 2807
18-small-car 2306 2776 2319 2811
18-small-car 2320 2774 2334 2811
18-small-car 2335 2771 2349 2806
18-small-car 2350 2771 2367 2808
18-small-car 2373 2772 2386 2802
18-small-car 2388 2764 2400 2795
18-small-car 2402 2763 2415 2792
18-small-car 2417 2758 2429 2790
18-small-car 2431 2727 2455 2760
18-small-car 2469 2710 2480 2734
18-small-car 2436 2765 2448 2796
18-small-car 2452 2762 2466 2801
18-small-car 2471 2761 2484 2795
18-small-car 2485 2758 2501 2794
18-small-car 2505 2756 2519 2793
18-small-car 2524 2757 2537 2787
18-small-car 2540 2751 2553 2784
18-small-car 2614 2757 2625 2787
18-small-car 2134 2857 2149 2895
18-small-car 2151 2854 2166 2891
18-small-car 2166 2853 2183 2890
18-small-car 2185 2853 2202 2889
18-small-car 2137 2897 2151 2927
18-small-car 2154 2895 2168 2925
18-small-car 2171 2893 2184 2925
18-small-car 2222 2856 2235 2888
18-small-car 2240 2855 2253 2888
18-small-car 2255 2850 2271 2886
18-small-car 2280 2853 2294 2886
18-small-car 2205 2886 2218 2920
18-small-car 2219 2890 2232 2925
18-small-car 2234 2888 2247 2921
18-small-car 2250 2890 2264 2919
18-small-car 2267 2888 2280 2918
18-small-car 2281 2887 2298 2921
18-small-car 2296 2880 2312 2915
18-small-car 2311 2851 2328 2883
18-small-car 2318 2883 2329 2913
18-small-car 2331 2851 2346 2885
18-small-car 2331 2884 2346 2913
18-small-car 2362 2848 2376 2882
18-small-car 2381 2846 2394 2882
18-small-car 2347 2881 2362 2917
18-small-car 2373 2883 2387 2919
18-small-car 2388 2880 2403 2910
18-small-car 2525 2832 2539 2859
18-small-car 2529 2859 2541 2885
18-small-car 2538 2826 2553 2859
18-small-car 2542 2862 2556 2891
18-small-car 2556 2826 2571 2856
18-small-car 2559 2857 2576 2891
18-small-car 2145 3017 2157 3051
18-small-car 2180 3016 2193 3047
18-small-car 2196 3012 2209 3044
18-small-car 2210 3018 2226 3051
18-small-car 2230 3015 2244 3050
18-small-car 2245 3015 2256 3044
18-small-car 2259 3018 2271 3049
18-small-car 2271 3019 2284 3050
18-small-car 2286 3011 2298 3045
18-small-car 2280 2958 2295 2991
18-small-car 2298 2964 2309 2991
18-small-car 2310 2964 2322 2998
18-small-car 2324 3005 2336 3038
18-small-car 2339 3001 2353 3035
18-small-car 2357 3000 2371 3030
18-small-car 2364 2963 2379 2993
18-small-car 2372 2997 2386 3030
18-small-car 2384 2961 2397 2994
18-small-car 2387 2997 2401 3033
18-small-car 2400 2960 2415 2993
18-small-car 2413 2959 2430 2994
18-small-car 2438 2955 2451 2991
18-small-car 2451 2958 2465 2992
18-small-car 2466 2955 2483 2989
18-small-car 2484 2958 2498 2988
18-small-car 2498 2956 2511 2991
18-small-car 2514 2955 2529 2990
18-small-car 2519 2991 2532 3024
18-small-car 2503 2994 2517 3024
18-small-car 2489 2994 2502 3025
18-small-car 2403 2996 2417 3027
18-small-car 2228 3155 2258 3174
18-small-car 2236 3195 2268 3213
18-small-car 2246 3213 2278 3231
18-small-car 2196 3251 2226 3269
18-small-car 2198 3269 2227 3283
18-small-car 2200 3281 2229 3296
18-small-car 2140 3330 2152 3361
18-small-car 2117 3504 2148 3529
18-small-car 2157 3489 2185 3508
18-small-car 2202 3472 2229 3493
18-small-car 2245 3467 2273 3484
18-small-car 2289 3463 2318 3481
18-small-car 2340 3396 2370 3415
18-small-car 2057 3636 2076 3655
18-small-car 2142 3553 2164 3574
18-small-car 2232 3522 2256 3543
18-small-car 1932 3870 1943 3903
18-small-car 1944 3872 1956 3903
18-small-car 1954 3869 1968 3901
18-small-car 1967 3869 1983 3903
18-small-car 1983 3870 1995 3897
18-small-car 1994 3869 2006 3896
18-small-car 2009 3865 2021 3897
18-small-car 2022 3862 2035 3890
18-small-car 2034 3862 2047 3890
18-small-car 2049 3864 2063 3900
18-small-car 2058 3848 2086 3861
18-small-car 2076 3864 2087 3894
18-small-car 2089 3862 2100 3889
18-small-car 2101 3862 2114 3892
18-small-car 2115 3860 2127 3889
18-small-car 2130 3858 2142 3893
18-small-car 2113 3825 2144 3840
18-small-car 2138 3838 2168 3855
18-small-car 2177 3791 2205 3807
18-small-car 2219 3780 2248 3801
18-small-car 2293 3783 2322 3798
18-small-car 2329 3780 2358 3794
18-small-car 2368 3775 2396 3791
18-small-car 2403 3776 2430 3790
18-small-car 2164 3862 2175 3891
18-small-car 2178 3858 2191 3894
18-small-car 2193 3858 2206 3885
18-small-car 2212 3835 2242 3849
18-small-car 2339 3825 2370 3840
18-small-car 2215 3851 2230 3882
18-small-car 2230 3849 2242 3878
18-small-car 2241 3851 2256 3881
18-small-car 2256 3851 2267 3880
18-small-car 2268 3851 2280 3882
18-small-car 2280 3850 2294 3882
18-small-car 2295 3854 2307 3882
18-small-car 2308 3853 2321 3883
18-small-car 2322 3849 2335 3881
18-small-car 2343 3846 2362 3880
18-small-car 2454 3474 2475 3490
18-small-car 2586 3462 2610 3480
18-small-car 2621 3486 2647 3503
18-small-car 2307 3921 2333 3935
18-small-car 2247 3936 2272 3950
18-small-car 2249 3951 2275 3963
18-small-car 2250 3962 2274 3975
18-small-car 2249 3974 2276 3985
18-small-car 2250 3986 2275 3998
18-small-car 2251 3999 2277 4010
18-small-car 2252 4012 2277 4026
18-small-car 2250 4026 2277 4040
18-small-car 2251 4043 2280 4057
18-small-car 2251 4057 2281 4069
18-small-car 2253 4070 2283 4081
18-small-car 2253 4082 2283 4095
18-small-car 2253 4096 2283 4110
18-small-car 2310 3948 2331 3960
18-small-car 2307 3964 2331 3977
18-small-car 2308 3987 2334 4002
18-small-car 2307 4002 2335 4015
18-small-car 2308 4014 2337 4030
18-small-car 2316 4053 2342 4068
18-small-car 2316 4069 2343 4080
18-small-car 2315 4081 2344 4095
18-small-car 2315 4098 2346 4110
18-small-car 2337 3946 2364 3962
18-small-car 2337 3963 2361 3976
18-small-car 2337 3975 2362 3989
18-small-car 2336 3990 2365 4002
18-small-car 2335 4002 2366 4014
18-small-car 2334 4013 2366 4027
18-small-car 2344 4036 2371 4053
18-small-car 2345 4055 2370 4067
18-small-car 2344 4068 2370 4079
18-small-car 2344 4080 2372 4092
18-small-car 2346 4100 2371 4111
18-small-car 2437 3954 2453 3987
18-small-car 2208 3927 2223 3954
18-small-car 2196 3927 2208 3957
18-small-car 2181 3929 2194 3957
18-small-car 2168 3930 2181 3958
18-small-car 2154 3932 2168 3960
18-small-car 2140 3933 2154 3959
18-small-car 2106 3904 2128 3925
18-small-car 2100 3931 2115 3960
18-small-car 2091 3937 2102 3964
18-small-car 2079 3937 2091 3965
18-small-car 2064 3936 2079 3966
18-small-car 2052 3934 2064 3968
18-small-car 2040 3935 2050 3969
18-small-car 2025 3937 2039 3964
18-small-car 2005 3939 2022 3967
18-small-car 1987 3941 2005 3970
18-small-car 1967 3940 1980 3969
18-small-car 1956 3943 1967 3972
18-small-car 1936 3939 1953 3975
18-small-car 1920 3943 1932 3977
18-small-car 2955 828 2989 852
18-small-car 2969 852 2996 872
18-small-car 3588 903 3612 925
18-small-car 3263 936 3288 957
18-small-car 3567 672 3597 692
18-small-car 3096 988 3127 1013
18-small-car 3111 1012 3135 1030
18-small-car 2811 1218 2827 1245
18-small-car 2795 1248 2819 1288
18-small-car 2846 1378 2868 1413
18-small-car 3603 1545 3617 1571
18-small-car 3588 1546 3602 1578
18-small-car 3467 1563 3480 1588
18-small-car 3480 1553 3495 1584
18-small-car 3507 1551 3523 1578
18-small-car 3550 1548 3568 1581
18-small-car 3413 1378 3441 1398
18-small-car 2960 1842 2985 1864
18-small-car 2969 1863 2994 1885
19-bus 2873 1885 2925 1939
19-bus 2913 1961 2978 1995
19-bus 2991 1962 3050 2004
19-bus 3076 1917 3102 1979
19-bus 3060 1835 3093 1895
18-small-car 3553 2300 3573 2335
18-small-car 2914 2194 2942 2220
18-small-car 3284 2225 3312 2241
18-small-car 3582 3546 3614 3561
19-bus 2932 798 2976 843
18-small-car 2757 722 2772 751
18-small-car 3209 776 3234 799
18-small-car 4208 741 4233 773
18-small-car 4266 1612 4282 1645
18-small-car 4353 1626 4369 1650
18-small-car 4518 1653 4533 1683
18-small-car 4534 1659 4549 1691
18-small-car 4548 1661 4561 1698
18-small-car 4576 1677 4591 1704
18-small-car 4590 1681 4602 1710
18-small-car 3794 2118 3831 2139
18-small-car 3655 3177 3678 3215
18-small-car 3768 3325 3798 3342
18-small-car 4008 3316 4046 3336
18-small-car 4158 3438 4191 3455
18-small-car 4373 3369 4409 3385
18-small-car 3837 3286 3873 3308
18-small-car 4282 3807 4296 3842
18-small-car 4674 916 4698 935
18-small-car 4665 944 4691 960
18-small-car 4662 961 4685 975
18-small-car 4700 966 4731 987
18-small-car 4619 1285 4645 1311
18-small-car 4578 1284 4608 1304
18-small-car 4584 1269 4617 1285
18-small-car 4594 1249 4617 1266
18-small-car 4601 1683 4617 1712
18-small-car 5209 1599 5231 1623
18-small-car 5361 1969 5376 1991
18-small-car 5189 2079 5217 2109
18-small-car 5371 2367 5398 2396
18-small-car 5338 2329 5361 2350
18-small-car 5348 2342 5368 2361
18-small-car 4745 2403 4766 2430
18-small-car 4755 2452 4776 2478
18-small-car 5382 2764 5393 2799
18-small-car 5355 2769 5367 2799
18-small-car 5355 2800 5367 2829
18-small-car 5370 2805 5386 2838
18-small-car 5368 2844 5381 2869
18-small-car 5302 2685 5314 2714
18-small-car 4878 4074 4893 4104
18-small-car 5110 4042 5136 4054
18-small-car 5110 4056 5137 4069
18-small-car 5110 4070 5138 4083
18-small-car 5110 4084 5137 4095
18-small-car 5110 4096 5137 4110
18-small-car 5077 4078 5091 4108
18-small-car 5167 3841 5184 3868
18-small-car 5180 3855 5202 3879
18-small-car 5195 3828 5205 3852
18-small-car 5205 3824 5220 3849
18-small-car 5231 3822 5246 3849
18-small-car 5256 3822 5272 3849
18-small-car 5270 3821 5283 3846
18-small-car 5283 3814 5295 3842
18-small-car 5296 3820 5311 3848
18-small-car 5312 3820 5324 3850
18-small-car 5322 3817 5336 3846
18-small-car 5334 3812 5348 3841
18-small-car 5349 3813 5361 3842
18-small-car 5362 3807 5376 3840
18-small-car 5076 3849 5091 3882
18-small-car 5108 3794 5124 3828
18-small-car 5314 3629 5328 3659
18-small-car 5405 3775 5431 3789
18-small-car 5409 3788 5435 3801
18-small-car 5410 3802 5436 3816
18-small-car 5409 3816 5436 3828
18-small-car 5409 3830 5437 3840
18-small-car 5411 3840 5437 3852
18-small-car 5409 3853 5439 3865
18-small-car 5411 3867 5439 3878
18-small-car 5414 3882 5439 3891
18-small-car 5417 3896 5442 3908
18-small-car 5417 3915 5446 3930
18-small-car 5419 3934 5446 3948
18-small-car 5428 3948 5457 3975
18-small-car 5459 4049 5487 4064
18-small-car 5314 3786 5340 3801
18-small-car 5223 3537 5237 3563
18-small-car 5253 3530 5267 3565
18-small-car 5271 3531 5285 3564
18-small-car 5301 3535 5312 3560
18-small-car 5312 3531 5326 3559
18-small-car 5328 3528 5340 3558
18-small-car 5342 3527 5355 3561
18-small-car 5390 3518 5413 3531
18-small-car 5383 3505 5414 3516
18-small-car 5385 3492 5411 3503
18-small-car 5383 3480 5413 3491
18-small-car 5382 3464 5409 3476
18-small-car 5382 3453 5410 3466
18-small-car 5382 3439 5410 3451
18-small-car 5380 3428 5411 3441
18-small-car 5380 3416 5409 3426
18-small-car 5337 3471 5350 3504
18-small-car 5336 3444 5350 3471
18-small-car 5326 3475 5337 3499
18-small-car 5321 3443 5336 3474
18-small-car 5307 3444 5319 3468
18-small-car 5314 3472 5324 3501
18-small-car 5297 3473 5310 3501
18-small-car 5294 3443 5307 3471
18-small-car 5280 3444 5295 3469
18-small-car 5268 3446 5280 3471
18-small-car 5259 3447 5268 3474
18-small-car 5242 3448 5256 3474
18-small-car 5229 3446 5242 3474
18-small-car 5220 3477 5232 3499
18-small-car 5234 3474 5246 3500
18-small-car 5246 3474 5257 3500
18-small-car 5259 3474 5269 3501
18-small-car 5274 3473 5283 3501
18-small-car 5285 3474 5296 3498
18-small-car 5331 3384 5342 3408
18-small-car 5316 3386 5328 3410
18-small-car 5305 3387 5316 3409
18-small-car 5292 3387 5305 3413
18-small-car 5279 3385 5290 3411
18-small-car 5266 3387 5278 3412
18-small-car 5331 3356 5340 3380
18-small-car 5315 3357 5329 3383
18-small-car 5303 3357 5314 3384
18-small-car 5287 3357 5301 3385
18-small-car 5271 3356 5284 3384
18-small-car 5376 3336 5402 3351
18-small-car 5580 2777 5594 2815
18-small-car 5594 2782 5607 2820
18-small-car 5577 2085 5590 2115
18-small-car 5241 2092 5259 2120
18-small-car 5150 2019 5183 2046
18-small-car 5288 1901 5326 1931
18-small-car 5593 1646 5628 1670
18-small-car 5622 1939 5646 1964
18-small-car 5633 1931 5659 1953
18-small-car 5640 1917 5665 1941
18-small-car 5651 1908 5674 1929
18-small-car 5652 555 5690 576
18-small-car 5619 630 5659 650
18-small-car 5577 1201 5598 1218
18-small-car 5718 1971 5748 1999
18-small-car 6078 3146 6112 3165
18-small-car 100 2906 136 2949
18-small-car 199 2950 350 2982
18-small-car 891 3483 906 3517
18-small-car 895 3521 910 3549
23-truck 174 3762 207 3809
23-truck 199 3769 234 3820
23-truck 218 3784 253 3828
23-truck 967 2355 1074 2375
23-truck 2042 1837 2193 1875
23-truck 1827 1892 1955 2000
63-front-loader-bulldozer 1833 1908 1879 1946
63-front-loader-bulldozer 2453 2007 2493 2049
23-truck 2094 2064 2142 2098
63-front-loader-bulldozer 2184 2151 2205 2192
63-front-loader-bulldozer 2043 2023 2069 2077
63-front-loader-bulldozer 1952 1742 1977 1782
63-front-loader-bulldozer 2194 1716 2238 1754
63-front-loader-bulldozer 2147 1739 2172 1777
21-utility-truck 2688 2070 2712 2124
18-small-car 3630 2468 3645 2499
18-small-car 3646 2461 3660 2496
18-small-car 4023 2137 4057 2157
65-cement-mixer 4185 3371 4233 3419
65-cement-mixer 4207 3836 4262 3872
18-small-car 3947 3767 3978 3783
18-small-car 3918 3768 3943 3786
33-railway-vehicle 5041 3468 5112 3696
18-small-car 5784 2601 5808 2631
