18-small-car 1450 242 1468 265
18-small-car 1416 348 1434 379
18-small-car 1749 1584 1765 1613
18-small-car 1555 1407 1571 1437
18-small-car 1497 1386 1513 1419
18-small-car 1532 1353 1547 1382
18-small-car 1281 1240 1298 1271
18-small-car 1156 1272 1171 1303
18-small-car 1117 1321 1133 1350
18-small-car 1063 1376 1076 1404
18-small-car 1833 1345 1847 1370
18-small-car 1804 1331 1819 1359
18-small-car 1780 1308 1796 1336
18-small-car 1042 1273 1056 1301
18-small-car 666 1513 678 1541
18-small-car 690 1518 704 1544
18-small-car 704 1519 719 1548
18-small-car 727 1526 740 1555
18-small-car 741 1528 755 1558
18-small-car 761 1537 775 1565
18-small-car 776 1537 791 1565
18-small-car 799 1539 815 1568
18-small-car 816 1544 830 1572
18-small-car 834 1574 859 1591
18-small-car 672 1583 687 1611
18-small-car 687 1587 701 1615
18-small-car 709 1593 723 1621
18-small-car 723 1594 737 1622
18-small-car 746 1601 761 1628
18-small-car 761 1602 773 1630
18-small-car 773 1608 787 1637
18-small-car 787 1609 801 1637
18-small-car 801 1613 815 1642
18-small-car 815 1615 831 1644
18-small-car 830 1619 842 1648
18-small-car 842 1620 855 1648
18-small-car 855 1620 868 1649
18-small-car 663 1622 677 1651
18-small-car 678 1623 692 1652
18-small-car 701 1630 715 1659
18-small-car 715 1630 729 1661
18-small-car 737 1639 750 1665
18-small-car 753 1638 766 1666
18-small-car 768 1640 782 1666
18-small-car 782 1642 796 1670
18-small-car 796 1644 809 1671
18-small-car 808 1646 821 1675
18-small-car 818 1648 833 1678
18-small-car 832 1649 848 1681
18-small-car 849 1653 863 1684
18-small-car 863 1655 877 1682
18-small-car 940 1401 953 1428
18-small-car 918 1302 932 1332
18-small-car 936 1211 950 1241
18-small-car 947 1143 962 1170
18-small-car 984 1168 1001 1201
18-small-car 979 1207 992 1232
18-small-car 970 1242 985 1269
18-small-car 963 1277 978 1306
18-small-car 955 1311 970 1339
18-small-car 949 1347 962 1377
19-bus 922 1466 939 1502
18-small-car 820 1078 846 1094
18-small-car 764 1068 787 1081
19-bus 711 1052 747 1070
18-small-car 1740 405 1754 432
18-small-car 1296 1054 1308 1075
18-small-car 1271 1021 1285 1051
18-small-car 1107 956 1121 983
18-small-car 1139 949 1154 978
18-small-car 1166 956 1181 984
18-small-car 1305 1013 1318 1040
18-small-car 1332 1012 1346 1039
18-small-car 1341 982 1354 1010
18-small-car 1466 430 1478 459
18-small-car 1434 434 1449 466
18-small-car 1460 467 1473 495
18-small-car 1426 478 1439 506
18-small-car 1453 497 1465 527
18-small-car 1391 487 1404 515
18-small-car 1422 512 1435 540
18-small-car 1439 535 1453 566
18-small-car 1384 519 1396 549
18-small-car 1359 510 1373 540
18-small-car 1341 463 1355 492
18-small-car 1309 458 1326 486
18-small-car 1308 486 1323 515
18-small-car 1330 501 1345 531
18-small-car 1317 351 1332 378
18-small-car 1277 362 1293 389
18-small-car 1298 369 1314 397
18-small-car 1307 391 1321 419
18-small-car 1288 398 1303 425
18-small-car 1274 393 1288 419
18-small-car 1277 428 1293 455
18-small-car 1298 422 1313 451
18-small-car 1290 453 1304 481
18-small-car 1270 457 1285 487
18-small-car 1296 519 1311 546
18-small-car 1279 491 1294 519
18-small-car 1257 498 1273 525
18-small-car 1233 483 1250 508
18-small-car 1231 514 1244 538
18-small-car 1218 542 1234 567
18-small-car 1271 522 1286 549
18-small-car 1244 528 1261 558
18-small-car 1324 534 1339 562
18-small-car 1291 559 1307 587
18-small-car 1262 557 1277 587
18-small-car 1240 560 1255 585
18-small-car 1346 551 1362 579
18-small-car 1375 554 1391 582
18-small-car 1403 565 1420 595
18-small-car 1436 570 1451 598
18-small-car 1208 571 1224 598
18-small-car 1230 591 1246 620
18-small-car 1252 591 1268 618
18-small-car 1282 593 1298 623
18-small-car 1310 602 1324 631
18-small-car 1338 601 1355 631
18-small-car 1367 591 1382 619
18-small-car 1396 603 1411 635
18-small-car 1426 612 1440 640
18-small-car 1217 628 1233 654
18-small-car 1244 625 1260 651
18-small-car 1271 633 1286 660
18-small-car 1296 642 1313 673
18-small-car 1327 639 1344 668
18-small-car 1355 660 1370 692
18-small-car 1363 627 1379 657
18-small-car 1389 645 1404 676
18-small-car 1419 645 1435 672
18-small-car 1212 660 1228 686
18-small-car 1233 662 1249 693
18-small-car 1261 671 1276 698
18-small-car 1317 692 1335 721
18-small-car 1379 684 1395 715
18-small-car 1414 677 1428 705
18-small-car 1225 704 1241 733
18-small-car 1252 707 1267 735
18-small-car 1280 709 1296 736
18-small-car 1311 731 1326 758
18-small-car 1337 734 1352 764
18-small-car 1370 728 1385 757
18-small-car 1400 719 1414 752
18-small-car 1184 754 1201 784
18-small-car 1212 745 1228 775
18-small-car 1241 739 1257 766
18-small-car 1268 746 1283 774
18-small-car 1302 759 1319 789
18-small-car 1327 772 1343 801
18-small-car 1359 760 1374 788
18-small-car 1391 761 1407 791
18-small-car 1174 797 1191 825
18-small-car 1206 781 1221 809
18-small-car 1196 812 1213 844
18-small-car 1238 777 1252 806
18-small-car 1227 804 1242 834
18-small-car 1261 781 1277 809
18-small-car 1295 795 1311 826
18-small-car 1322 807 1336 836
18-small-car 1352 796 1368 824
18-small-car 1377 807 1392 842
18-small-car 1147 838 1165 871
18-small-car 1161 845 1178 876
18-small-car 1188 848 1204 882
18-small-car 1216 860 1231 887
18-small-car 1253 817 1268 847
18-small-car 1287 830 1304 861
18-small-car 1313 849 1329 880
18-small-car 1343 839 1360 869
18-small-car 1370 856 1383 879
18-small-car 1246 851 1262 880
18-small-car 1151 889 1167 920
18-small-car 1180 890 1196 920
18-small-car 1173 922 1190 950
18-small-car 1215 890 1229 920
18-small-car 1202 917 1220 949
18-small-car 1240 880 1256 909
18-small-car 1236 910 1250 939
18-small-car 1197 953 1211 981
18-small-car 1267 911 1283 941
18-small-car 1278 866 1293 897
18-small-car 1302 886 1319 915
18-small-car 1333 879 1350 906
18-small-car 1327 914 1341 941
18-small-car 1355 901 1371 931
18-small-car 1226 948 1242 978
18-small-car 1257 945 1271 975
18-small-car 1290 932 1305 964
18-small-car 1249 985 1264 1016
18-small-car 1279 979 1295 1010
18-small-car 1310 971 1326 1005
18-small-car 1320 942 1335 971
18-small-car 1347 940 1362 973
19-bus 1294 317 1321 359
19-bus 1246 415 1286 477
19-bus 1198 606 1218 646
19-bus 1186 662 1208 701
19-bus 1158 713 1193 770
19-bus 1141 789 1168 835
18-small-car 306 160 324 188
18-small-car 529 1159 556 1177
18-small-car 518 1188 547 1205
18-small-car 511 1229 541 1247
18-small-car 500 1267 529 1285
18-small-car 491 1306 520 1324
18-small-car 641 1471 657 1501
18-small-car 1741 1072 1755 1101
