18-small-car 237 171 251 196
18-small-car 316 496 327 518
18-small-car 283 502 296 526
18-small-car 13 650 26 673
18-small-car 30 798 41 825
18-small-car 316 945 330 970
18-small-car 22 982 35 1006
18-small-car 1 985 10 1008
18-small-car 1 1046 12 1072
18-small-car 23 1046 35 1070
18-small-car 37 1071 50 1101
18-small-car 173 1361 198 1377
18-small-car 261 1637 275 1666
18-small-car 151 1475 176 1490
18-small-car 148 1491 172 1505
18-small-car 151 1506 175 1518
18-small-car 153 1518 177 1530
18-small-car 152 1530 173 1541
18-small-car 145 1543 173 1557
18-small-car 67 1483 78 1510
18-small-car 81 1481 106 1497
18-small-car 81 1498 105 1511
18-small-car 81 1511 103 1523
18-small-car 82 1523 103 1536
18-small-car 82 1547 106 1562
18-small-car 83 1563 108 1576
18-small-car 80 1576 108 1591
18-small-car 146 1606 177 1622
18-small-car 146 1621 177 1636
18-small-car 1273 343 1302 360
18-small-car 1278 371 1298 382
18-small-car 1278 383 1302 396
18-small-car 1278 396 1302 407
18-small-car 1283 447 1308 460
18-small-car 1342 497 1366 510
18-small-car 1191 531 1216 545
18-small-car 1252 522 1276 536
18-small-car 1348 550 1372 563
18-small-car 1348 565 1372 576
18-small-car 1348 576 1372 587
18-small-car 1347 588 1373 600
18-small-car 1348 600 1373 612
18-small-car 1351 625 1372 638
18-small-car 1351 678 1373 690
18-small-car 1351 691 1375 703
18-small-car 1350 706 1372 718
18-small-car 1350 718 1373 731
18-small-car 1350 731 1373 741
18-small-car 1348 741 1371 753
18-small-car 1347 753 1371 766
18-small-car 1350 767 1373 780
18-small-car 1348 780 1370 791
18-small-car 1346 791 1370 805
18-small-car 1347 805 1370 817
18-small-car 1345 828 1367 841
18-small-car 1343 842 1367 855
18-small-car 1343 856 1368 870
18-small-car 1343 870 1367 881
18-small-car 1343 888 1367 903
18-small-car 1340 916 1361 928
18-small-car 1341 931 1366 945
18-small-car 1286 558 1307 571
18-small-car 1288 573 1311 586
18-small-car 1287 587 1307 600
18-small-car 1288 600 1315 612
18-small-car 1288 613 1310 626
18-small-car 1287 625 1313 638
18-small-car 1283 638 1313 651
18-small-car 1288 666 1311 680
18-small-car 1288 681 1311 695
18-small-car 1290 702 1312 715
18-small-car 1286 715 1310 726
18-small-car 1286 726 1311 740
18-small-car 1287 741 1310 751
18-small-car 1286 751 1310 763
18-small-car 1286 763 1310 776
18-small-car 1286 776 1310 790
18-small-car 1285 791 1308 802
18-small-car 1283 802 1308 815
18-small-car 1283 815 1307 827
18-small-car 1283 827 1308 841
18-small-car 1283 842 1308 852
18-small-car 1282 852 1307 865
18-small-car 1282 865 1307 877
18-small-car 1283 877 1306 890
18-small-car 1278 891 1306 903
18-small-car 1280 903 1303 913
18-small-car 1278 915 1303 928
18-small-car 1278 928 1301 942
18-small-car 1278 942 1301 956
18-small-car 1276 956 1297 966
18-small-car 1277 982 1300 993
18-small-car 1276 993 1300 1005
18-small-car 1276 1006 1298 1017
18-small-car 1278 1018 1300 1028
18-small-car 1277 1031 1297 1042
18-small-car 1276 1042 1300 1056
18-small-car 1278 1056 1302 1068
18-small-car 1275 1068 1297 1082
18-small-car 1695 1817 1716 1831
18-small-car 1696 1750 1718 1763
18-small-car 1696 1712 1721 1730
18-small-car 1546 1821 1568 1835
18-small-car 1627 1743 1650 1756
18-small-car 1628 1605 1652 1617
18-small-car 1632 1592 1656 1605
18-small-car 1631 1578 1656 1592
18-small-car 1633 1567 1656 1580
18-small-car 1625 1550 1653 1566
18-small-car 1626 1526 1651 1540
18-small-car 1252 547 1273 561
18-small-car 1251 560 1273 573
18-small-car 1251 573 1276 586
18-small-car 1251 587 1272 600
18-small-car 1252 600 1275 612
18-small-car 1250 612 1275 627
18-small-car 1250 637 1273 650
18-small-car 1251 666 1275 680
18-small-car 1251 680 1275 692
18-small-car 1251 692 1275 706
18-small-car 1248 706 1272 718
18-small-car 1250 718 1273 731
18-small-car 1250 731 1273 742
18-small-car 1252 742 1276 755
18-small-car 1251 756 1273 767
18-small-car 1251 766 1273 780
18-small-car 1251 782 1273 795
18-small-car 1250 795 1273 807
18-small-car 1251 807 1271 817
18-small-car 1251 817 1272 830
18-small-car 1246 828 1275 842
18-small-car 1250 843 1273 856
18-small-car 1252 856 1276 870
18-small-car 1250 870 1276 881
18-small-car 1252 881 1273 893
18-small-car 1252 893 1275 907
18-small-car 1248 907 1272 920
18-small-car 1252 920 1275 933
18-small-car 1251 933 1275 945
18-small-car 1252 945 1275 957
18-small-car 1250 957 1273 971
18-small-car 1252 972 1273 983
18-small-car 1248 983 1272 996
18-small-car 1250 1005 1272 1018
18-small-car 1250 1018 1273 1035
18-small-car 1248 1035 1272 1046
18-small-car 1251 1046 1272 1058
18-small-car 1247 1058 1273 1072
18-small-car 1251 1072 1275 1085
18-small-car 1250 1086 1275 1097
18-small-car 1250 1097 1276 1110
18-small-car 1248 1118 1271 1132
18-small-car 1251 1131 1280 1145
18-small-car 1250 1145 1275 1158
18-small-car 1246 1160 1272 1173
18-small-car 1192 552 1215 566
18-small-car 1190 572 1212 588
18-small-car 1190 600 1213 613
18-small-car 1191 615 1212 627
18-small-car 1185 663 1216 678
18-small-car 1191 680 1218 693
18-small-car 1192 692 1218 706
18-small-car 1190 726 1213 740
18-small-car 1192 738 1216 753
18-small-car 1191 752 1217 766
18-small-car 1192 766 1216 777
18-small-car 1190 777 1217 790
18-small-car 1190 790 1220 803
18-small-car 1192 805 1211 815
18-small-car 1191 815 1215 827
18-small-car 1192 827 1215 841
18-small-car 1192 842 1216 853
18-small-car 1191 856 1218 870
18-small-car 1197 870 1217 880
18-small-car 1192 877 1216 890
18-small-car 1190 891 1220 906
18-small-car 1193 928 1217 942
18-small-car 1193 943 1215 956
18-small-car 1195 965 1218 977
18-small-car 1196 977 1215 991
18-small-car 1193 1015 1213 1028
18-small-car 1193 1038 1215 1052
18-small-car 1192 1066 1215 1080
18-small-car 1192 1092 1216 1106
18-small-car 1192 1106 1216 1117
18-small-car 1192 1117 1216 1130
18-small-car 1191 1131 1216 1143
18-small-car 1191 1143 1213 1156
18-small-car 1191 1156 1215 1170
18-small-car 1625 287 1652 302
23-truck 1592 270 1613 388
23-truck 1571 350 1592 416
18-small-car 1627 571 1651 586
18-small-car 1628 587 1657 602
18-small-car 1761 627 1776 653
18-small-car 1627 706 1651 720
18-small-car 1627 720 1653 733
18-small-car 1631 733 1655 746
18-small-car 1628 747 1666 760
18-small-car 1627 760 1657 771
18-small-car 1622 768 1652 780
18-small-car 1627 780 1655 791
18-small-car 1628 795 1652 806
18-small-car 1628 807 1650 818
18-small-car 1628 818 1651 831
18-small-car 1626 831 1650 843
18-small-car 1630 843 1652 855
18-small-car 1630 856 1653 867
18-small-car 1631 868 1656 878
18-small-car 1627 880 1652 892
18-small-car 1630 893 1652 906
18-small-car 1631 905 1652 918
18-small-car 1631 920 1657 932
18-small-car 1625 942 1652 955
18-small-car 1630 958 1653 971
18-small-car 1630 971 1652 983
18-small-car 1630 995 1657 1008
18-small-car 1631 1007 1658 1021
18-small-car 1627 1033 1653 1047
18-small-car 1630 1047 1656 1061
18-small-car 1631 1061 1656 1073
18-small-car 1626 1071 1657 1085
18-small-car 1625 1095 1655 1110
18-small-car 1631 1110 1653 1121
18-small-car 1627 1122 1652 1135
18-small-car 1628 1135 1652 1150
18-small-car 1626 1157 1655 1171
18-small-car 1631 1171 1652 1183
18-small-car 1627 1185 1656 1200
18-small-car 1630 1198 1657 1208
18-small-car 1631 1208 1657 1223
18-small-car 1568 1007 1593 1020
18-small-car 1572 1020 1595 1033
18-small-car 1570 1047 1593 1058
18-small-car 1571 1058 1596 1070
18-small-car 1572 1070 1595 1082
18-small-car 1572 1082 1596 1095
18-small-car 1570 1096 1595 1106
18-small-car 1570 1107 1593 1118
18-small-car 1568 1118 1592 1131
18-small-car 1571 1131 1596 1145
18-small-car 1571 1145 1593 1158
18-small-car 1571 1171 1583 1198
18-small-car 1545 1173 1555 1196
18-small-car 1533 1173 1545 1195
18-small-car 1521 1175 1532 1196
18-small-car 1507 1173 1518 1198
18-small-car 1495 1173 1507 1197
18-small-car 1482 1172 1495 1196
18-small-car 1467 1176 1481 1200
18-small-car 1378 1171 1392 1198
18-small-car 1338 1177 1350 1202
18-small-car 1628 1235 1652 1248
18-small-car 1630 1248 1652 1261
18-small-car 1632 1261 1655 1271
18-small-car 1630 1298 1655 1310
18-small-car 1632 1311 1655 1323
18-small-car 1632 1323 1655 1335
18-small-car 1631 1336 1656 1348
18-small-car 1633 1348 1656 1362
18-small-car 1630 1375 1655 1388
18-small-car 1631 1388 1653 1401
18-small-car 1628 1401 1655 1415
18-small-car 1632 1415 1653 1426
18-small-car 1630 1427 1653 1440
18-small-car 1628 1451 1652 1463
18-small-car 1631 1463 1652 1476
18-small-car 1625 1477 1656 1492
18-small-car 1572 1413 1596 1426
18-small-car 1571 1425 1595 1437
18-small-car 1571 1448 1595 1462
18-small-car 1572 1476 1597 1490
18-small-car 1571 1502 1595 1515
18-small-car 1571 1516 1595 1528
18-small-car 1572 1540 1593 1552
18-small-car 1572 1552 1593 1565
18-small-car 1571 1566 1597 1577
18-small-car 1572 1577 1596 1590
18-small-car 1568 1590 1591 1602
18-small-car 1571 1603 1597 1616
18-small-car 1576 1616 1593 1628
18-small-car 1545 1413 1571 1426
18-small-car 1546 1440 1571 1452
18-small-car 1548 1465 1570 1477
18-small-car 1547 1490 1568 1502
18-small-car 1548 1505 1570 1516
18-small-car 1547 1517 1571 1528
18-small-car 1545 1528 1571 1538
18-small-car 1545 1553 1571 1566
18-small-car 1546 1566 1571 1578
18-small-car 1545 1578 1570 1590
18-small-car 1545 1591 1568 1602
18-small-car 1547 1603 1571 1616
18-small-car 1492 1426 1513 1440
18-small-car 1488 1452 1512 1463
18-small-car 1490 1463 1512 1476
18-small-car 1490 1476 1512 1488
18-small-car 1490 1488 1512 1501
18-small-car 1486 1503 1511 1515
18-small-car 1491 1528 1516 1540
18-small-car 1491 1540 1513 1551
18-small-car 1488 1552 1512 1565
18-small-car 1488 1565 1515 1576
18-small-car 1490 1577 1512 1590
18-small-car 1490 1590 1512 1602
18-small-car 1491 1602 1510 1616
18-small-car 1573 1681 1597 1693
18-small-car 1573 1705 1597 1718
18-small-car 1572 1756 1595 1770
18-small-car 1546 1657 1572 1670
18-small-car 1543 1693 1568 1705
18-small-car 1546 1707 1568 1720
18-small-car 1545 1721 1568 1733
18-small-car 1545 1733 1568 1745
18-small-car 1547 1745 1571 1758
18-small-car 1546 1782 1573 1797
18-small-car 1491 1657 1512 1668
18-small-car 1490 1668 1516 1680
18-small-car 1487 1720 1508 1732
18-small-car 1488 1732 1516 1745
18-small-car 1488 1745 1512 1757
18-small-car 1490 1757 1512 1770
18-small-car 1490 1771 1513 1783
18-small-car 1487 1785 1511 1796
18-small-car 1486 1795 1511 1808
18-small-car 1487 1823 1513 1836
18-small-car 1487 1848 1513 1861
18-small-car 1465 1870 1477 1896
18-small-car 1413 1870 1426 1897
18-small-car 1400 1867 1413 1897
18-small-car 1323 1870 1337 1898
18-small-car 1297 1871 1312 1900
18-small-car 1568 1312 1578 1335
18-small-car 1567 1337 1580 1360
18-small-car 1556 1312 1567 1335
18-small-car 1556 1337 1567 1358
18-small-car 1541 1308 1553 1335
18-small-car 1543 1337 1555 1361
18-small-car 1531 1310 1542 1335
18-small-car 1520 1310 1531 1335
18-small-car 1506 1310 1517 1335
18-small-car 1478 1310 1490 1336
18-small-car 1467 1310 1476 1332
18-small-car 1453 1311 1466 1338
18-small-car 1441 1310 1450 1332
18-small-car 1417 1310 1428 1332
18-small-car 1492 1226 1505 1255
18-small-car 1493 1255 1505 1280
18-small-car 1480 1230 1492 1255
18-small-car 1480 1255 1490 1278
18-small-car 1466 1228 1477 1252
18-small-car 1455 1227 1466 1253
18-small-car 1417 1228 1428 1255
18-small-car 1403 1230 1413 1253
18-small-car 1378 1227 1390 1252
18-small-car 1365 1226 1376 1252
18-small-car 1353 1230 1363 1255
18-small-car 1341 1228 1351 1253
18-small-car 1327 1231 1338 1256
18-small-car 1315 1231 1326 1256
18-small-car 1466 1256 1478 1281
18-small-car 1441 1256 1453 1283
18-small-car 1416 1253 1427 1277
18-small-car 1403 1253 1416 1276
18-small-car 1378 1255 1390 1278
18-small-car 1366 1255 1377 1280
18-small-car 1353 1256 1366 1281
18-small-car 1326 1256 1337 1281
18-small-car 1331 1283 1363 1298
18-small-car 1313 1256 1326 1278
18-small-car 1301 1253 1313 1280
18-small-car 1531 1336 1542 1361
18-small-car 1518 1336 1530 1360
18-small-car 1505 1336 1517 1362
18-small-car 1491 1335 1502 1357
18-small-car 1478 1336 1488 1361
18-small-car 1466 1337 1476 1358
18-small-car 1403 1310 1415 1335
18-small-car 1391 1308 1402 1333
18-small-car 1378 1310 1390 1335
18-small-car 1366 1308 1377 1333
18-small-car 1352 1310 1363 1336
18-small-car 1338 1310 1351 1335
18-small-car 1315 1312 1325 1335
18-small-car 1303 1315 1315 1337
18-small-car 1290 1310 1302 1335
18-small-car 1275 1311 1287 1336
18-small-car 1402 1336 1413 1360
18-small-car 1391 1336 1402 1358
18-small-car 1378 1336 1390 1362
18-small-car 1363 1336 1376 1361
18-small-car 1340 1335 1351 1358
18-small-car 1326 1333 1337 1357
18-small-car 1315 1336 1326 1358
18-small-car 1302 1337 1313 1363
18-small-car 1291 1335 1303 1360
18-small-car 1275 1336 1287 1360
18-small-car 1490 1396 1502 1420
18-small-car 1465 1395 1477 1418
18-small-car 1440 1396 1450 1421
18-small-car 1428 1395 1438 1421
18-small-car 1403 1395 1413 1418
18-small-car 1388 1392 1401 1418
18-small-car 1377 1395 1388 1420
18-small-car 1363 1395 1375 1420
18-small-car 1350 1392 1361 1420
18-small-car 1337 1392 1350 1420
18-small-car 1325 1393 1337 1418
18-small-car 1312 1396 1325 1420
18-small-car 1301 1397 1312 1420
18-small-car 1288 1398 1298 1423
18-small-car 1273 1393 1286 1418
18-small-car 1260 1455 1282 1468
18-small-car 1261 1470 1285 1483
18-small-car 1262 1483 1285 1496
18-small-car 1260 1496 1285 1507
18-small-car 1261 1507 1283 1521
18-small-car 1262 1555 1285 1566
18-small-car 1263 1591 1283 1603
18-small-car 1262 1603 1286 1616
18-small-car 1262 1617 1285 1631
18-small-car 1255 1655 1285 1670
18-small-car 1260 1718 1283 1733
18-small-car 1258 1763 1283 1777
18-small-car 1261 1801 1285 1815
18-small-car 1260 1826 1282 1838
18-small-car 1200 1311 1222 1325
18-small-car 1201 1326 1226 1338
18-small-car 1202 1340 1222 1350
18-small-car 1201 1350 1223 1362
18-small-car 1202 1362 1223 1377
18-small-car 1201 1376 1221 1388
18-small-car 1202 1388 1222 1401
18-small-car 1198 1402 1221 1416
18-small-car 1200 1428 1223 1440
18-small-car 1200 1440 1222 1452
18-small-car 1205 1453 1226 1465
18-small-car 1205 1465 1222 1478
18-small-car 1198 1480 1221 1492
18-small-car 1200 1492 1221 1503
18-small-car 1200 1505 1222 1516
18-small-car 1198 1516 1221 1528
18-small-car 1200 1542 1225 1556
18-small-car 1197 1563 1227 1578
18-small-car 1200 1578 1221 1592
18-small-car 1200 1592 1222 1603
18-small-car 1200 1605 1222 1617
18-small-car 1203 1618 1228 1632
18-small-car 1200 1768 1227 1785
18-small-car 1200 1795 1222 1807
18-small-car 1198 1820 1222 1833
18-small-car 945 1421 968 1433
18-small-car 1107 1491 1120 1515
18-small-car 1133 1566 1155 1577
18-small-car 1135 1590 1156 1602
18-small-car 1133 1616 1156 1628
18-small-car 1133 1705 1156 1716
18-small-car 1137 1718 1162 1730
18-small-car 1133 1730 1158 1742
18-small-car 1133 1753 1157 1767
18-small-car 1136 1782 1158 1796
18-small-car 1072 1541 1095 1553
18-small-car 1072 1553 1096 1566
18-small-car 1073 1566 1096 1577
18-small-car 1072 1580 1095 1591
18-small-car 1073 1591 1095 1602
18-small-car 1073 1603 1095 1616
18-small-car 1072 1617 1097 1630
18-small-car 1070 1668 1095 1681
18-small-car 1073 1682 1096 1695
18-small-car 1072 1696 1096 1707
18-small-car 1072 1707 1096 1718
18-small-car 1073 1741 1095 1755
18-small-car 1073 1870 1095 1883
18-small-car 1072 1883 1095 1896
18-small-car 1045 1880 1072 1896
18-small-car 1047 1541 1070 1553
18-small-car 1047 1553 1070 1566
18-small-car 1048 1566 1072 1578
18-small-car 1048 1580 1072 1591
18-small-car 1050 1590 1072 1601
18-small-car 1045 1605 1070 1616
18-small-car 1045 1617 1067 1628
18-small-car 1045 1631 1070 1643
18-small-car 1045 1670 1070 1682
18-small-car 1046 1683 1070 1696
18-small-car 1043 1696 1070 1707
18-small-car 1046 1708 1071 1720
18-small-car 1046 1720 1071 1731
18-small-car 1045 1731 1070 1743
18-small-car 1046 1743 1070 1756
18-small-car 1043 1778 1072 1795
18-small-car 987 1580 1011 1593
18-small-car 987 1606 1011 1618
18-small-car 983 1618 1007 1630
18-small-car 985 1668 1008 1682
18-small-car 986 1682 1008 1693
18-small-car 985 1695 1008 1707
18-small-car 986 1707 1010 1720
18-small-car 987 1720 1010 1731
18-small-car 985 1732 1008 1743
18-small-car 983 1756 1008 1771
18-small-car 983 1780 1010 1793
18-small-car 987 1793 1011 1807
18-small-car 985 1816 1016 1833
18-small-car 948 1885 975 1900
18-small-car 863 1886 887 1900
18-small-car 862 1785 887 1798
18-small-car 948 1555 971 1567
18-small-car 948 1567 968 1580
18-small-car 947 1581 972 1593
18-small-car 950 1592 973 1605
18-small-car 950 1605 975 1617
18-small-car 951 1617 973 1630
18-small-car 951 1631 972 1643
18-small-car 948 1656 971 1667
18-small-car 948 1668 972 1681
18-small-car 890 1543 912 1556
18-small-car 890 1557 913 1568
18-small-car 890 1568 912 1581
18-small-car 890 1581 913 1595
18-small-car 887 1593 912 1606
18-small-car 891 1618 913 1631
18-small-car 887 1668 911 1682
18-small-car 886 1693 911 1707
18-small-car 883 1720 911 1732
18-small-car 886 1732 910 1745
18-small-car 862 1542 885 1553
18-small-car 862 1553 887 1565
18-small-car 863 1565 890 1578
18-small-car 863 1580 890 1593
18-small-car 860 1595 886 1607
18-small-car 862 1607 886 1620
18-small-car 867 1620 891 1633
18-small-car 865 1633 890 1646
18-small-car 866 1660 888 1671
18-small-car 858 1682 885 1695
18-small-car 858 1707 885 1720
18-small-car 801 1543 823 1556
18-small-car 800 1557 821 1568
18-small-car 800 1567 821 1580
18-small-car 801 1582 822 1595
18-small-car 798 1595 820 1607
18-small-car 798 1608 823 1620
18-small-car 800 1620 823 1633
18-small-car 800 1667 825 1685
18-small-car 760 1542 781 1555
18-small-car 758 1556 783 1568
18-small-car 761 1567 783 1580
18-small-car 757 1581 781 1596
18-small-car 756 1597 780 1610
18-small-car 762 1610 783 1621
18-small-car 760 1621 782 1633
18-small-car 756 1633 787 1647
18-small-car 757 1685 783 1698
18-small-car 757 1700 785 1713
18-small-car 757 1723 783 1736
18-small-car 756 1736 785 1750
18-small-car 698 1546 720 1558
18-small-car 698 1558 720 1571
18-small-car 696 1571 720 1582
18-small-car 697 1583 721 1596
18-small-car 697 1596 721 1610
18-small-car 697 1610 717 1622
18-small-car 696 1622 717 1633
18-small-car 696 1633 718 1650
18-small-car 696 1673 718 1686
18-small-car 693 1686 716 1697
18-small-car 696 1698 720 1711
18-small-car 695 1712 718 1725
18-small-car 697 1725 722 1738
18-small-car 693 1747 717 1761
18-small-car 693 1823 717 1838
18-small-car 696 1852 721 1867
18-small-car 675 1547 695 1557
18-small-car 668 1558 697 1572
18-small-car 670 1573 696 1586
18-small-car 672 1583 697 1595
18-small-car 671 1612 696 1623
18-small-car 667 1623 696 1635
18-small-car 671 1637 696 1650
18-small-car 671 1662 693 1675
18-small-car 671 1685 693 1697
18-small-car 673 1698 696 1712
18-small-car 668 1713 695 1725
18-small-car 665 1733 693 1748
18-small-car 676 1761 701 1773
18-small-car 666 1787 697 1803
18-small-car 607 1557 630 1570
18-small-car 608 1570 633 1582
18-small-car 607 1583 633 1597
18-small-car 610 1597 635 1610
18-small-car 610 1611 631 1622
18-small-car 610 1625 635 1636
18-small-car 672 1811 693 1825
18-small-car 611 1636 632 1648
18-small-car 573 1585 597 1597
18-small-car 571 1672 600 1686
18-small-car 607 1710 636 1725
18-small-car 605 1726 635 1737
18-small-car 608 1790 633 1805
18-small-car 567 1747 598 1765
18-small-car 521 1736 536 1773
21-utility-truck 868 1512 908 1530
18-small-car 811 1468 825 1500
18-small-car 615 1471 626 1498
18-small-car 587 1473 598 1498
18-small-car 508 1517 538 1531
18-small-car 508 1492 538 1506
18-small-car 508 1452 535 1468
18-small-car 513 1427 536 1442
18-small-car 1108 1432 1133 1451
18-small-car 1121 1443 1142 1461
18-small-car 1118 1457 1146 1478
18-small-car 1773 1 1795 12
18-small-car 1843 1 1870 18
18-small-car 1795 62 1815 80
18-small-car 1763 91 1790 108
18-small-car 1796 105 1817 123
18-small-car 2266 77 2286 96
18-small-car 2267 93 2286 108
18-small-car 2260 110 2283 126
18-small-car 2262 123 2285 142
18-small-car 2262 140 2285 157
18-small-car 2262 156 2283 173
18-small-car 2261 171 2281 190
18-small-car 2261 186 2283 207
18-small-car 2266 203 2283 218
18-small-car 2265 215 2288 235
18-small-car 2265 233 2288 255
18-small-car 2263 261 2287 283
18-small-car 2230 112 2242 140
18-small-car 2225 211 2237 236
18-small-car 2171 1 2191 10
18-small-car 2196 60 2217 78
18-small-car 2191 77 2213 96
18-small-car 2191 90 2217 107
18-small-car 2195 106 2217 123
18-small-car 2193 123 2211 140
18-small-car 2195 136 2217 155
18-small-car 2196 177 2222 203
18-small-car 2188 216 2208 236
18-small-car 2197 228 2220 248
18-small-car 2191 247 2213 265
18-small-car 2193 260 2215 280
18-small-car 2193 280 2216 301
18-small-car 2166 56 2191 77
18-small-car 2166 87 2190 105
18-small-car 2168 105 2195 126
18-small-car 2171 120 2195 137
18-small-car 2167 136 2191 152
18-small-car 2172 150 2195 166
18-small-car 2167 167 2190 183
18-small-car 2170 195 2196 213
18-small-car 2166 212 2190 228
18-small-car 2167 227 2191 245
18-small-car 2170 257 2192 277
18-small-car 2115 56 2141 77
18-small-car 2115 121 2140 141
18-small-car 2115 133 2137 152
18-small-car 2115 148 2137 168
18-small-car 2115 165 2138 185
18-small-car 2117 182 2137 200
18-small-car 2115 193 2135 212
18-small-car 2115 232 2138 250
18-small-car 2117 252 2138 268
18-small-car 2086 11 2111 33
18-small-car 2086 45 2115 67
18-small-car 2088 73 2115 95
18-small-car 2091 121 2113 140
18-small-car 2082 130 2113 153
18-small-car 2088 150 2112 171
18-small-car 2092 181 2116 205
18-small-car 2088 266 2105 292
18-small-car 2037 1 2063 18
18-small-car 2037 76 2058 95
18-small-car 2036 131 2063 155
18-small-car 2036 166 2060 188
18-small-car 2033 181 2060 202
18-small-car 2037 195 2065 220
18-small-car 2048 263 2062 290
18-small-car 2008 12 2033 28
18-small-car 2013 26 2033 46
18-small-car 2011 45 2033 65
18-small-car 2011 92 2032 110
18-small-car 2015 102 2036 121
18-small-car 2013 120 2035 135
18-small-car 2012 136 2035 152
18-small-car 2017 151 2040 168
18-small-car 2008 170 2028 190
18-small-car 2013 183 2036 202
18-small-car 2016 197 2037 216
18-small-car 2013 216 2035 233
18-small-car 2012 233 2035 252
18-small-car 2013 255 2035 273
18-small-car 1948 1 1970 16
18-small-car 1950 31 1973 52
18-small-car 1948 51 1968 68
18-small-car 1953 77 1976 97
18-small-car 1948 97 1971 112
18-small-car 1948 112 1971 128
18-small-car 1951 137 1975 158
18-small-car 1951 155 1975 173
18-small-car 1950 171 1972 188
18-small-car 1953 186 1975 203
18-small-car 1950 205 1971 221
18-small-car 1951 235 1970 252
18-small-car 1952 250 1975 270
18-small-car 1950 265 1975 283
18-small-car 1982 272 1995 302
18-small-car 1926 47 1948 65
18-small-car 1928 75 1951 96
18-small-car 1921 141 1941 161
18-small-car 1925 155 1945 171
18-small-car 1928 167 1950 183
18-small-car 1927 185 1950 202
18-small-car 1932 197 1948 215
18-small-car 1926 213 1950 231
18-small-car 1926 230 1947 246
18-small-car 1928 245 1950 260
18-small-car 1928 261 1950 281
18-small-car 1873 61 1896 78
18-small-car 1870 137 1896 156
18-small-car 1872 155 1895 173
18-small-car 1871 167 1897 187
18-small-car 1873 183 1897 205
18-small-car 1872 230 1895 247
18-small-car 1847 48 1871 70
18-small-car 1845 123 1867 143
18-small-car 1846 156 1870 176
18-small-car 1847 201 1870 221
18-small-car 1845 216 1871 237
18-small-car 1845 232 1868 252
18-small-car 1847 247 1870 266
18-small-car 1825 255 1853 277
18-small-car 1847 278 1872 302
18-small-car 1792 152 1820 175
18-small-car 1791 173 1813 191
18-small-car 1792 201 1816 221
18-small-car 1791 220 1812 240
18-small-car 1792 235 1813 253
18-small-car 1791 250 1812 270
18-small-car 1791 267 1815 286
18-small-car 1793 281 1816 298
18-small-car 1766 168 1790 188
18-small-car 1767 183 1790 201
18-small-car 1763 232 1788 252
18-small-car 1767 248 1791 263
18-small-car 1771 261 1796 277
18-small-car 2823 23 2845 45
18-small-car 2823 53 2848 75
18-small-car 2826 87 2846 105
18-small-car 2823 151 2846 168
18-small-car 2826 210 2847 226
18-small-car 2738 87 2760 105
18-small-car 2762 188 2783 210
18-small-car 2766 223 2791 245
18-small-car 2738 228 2760 251
18-small-car 2745 258 2765 276
18-small-car 2766 280 2788 298
18-small-car 2670 81 2692 101
18-small-car 2658 152 2681 170
18-small-car 2686 212 2707 232
18-small-car 2682 226 2706 247
18-small-car 2660 216 2683 235
18-small-car 2660 231 2683 250
18-small-car 2607 195 2630 215
18-small-car 2608 227 2628 243
18-small-car 2607 245 2627 265
18-small-car 2603 261 2625 282
18-small-car 2605 277 2628 298
18-small-car 2565 322 2588 337
18-small-car 2578 68 2606 90
18-small-car 2578 163 2601 183
18-small-car 2588 208 2607 226
18-small-car 2578 223 2605 245
18-small-car 2582 241 2607 263
18-small-car 2586 257 2612 278
18-small-car 2526 102 2548 121
18-small-car 2528 165 2550 183
18-small-car 2557 236 2571 258
18-small-car 2526 177 2555 200
18-small-car 2526 195 2550 215
18-small-car 2527 211 2551 232
18-small-car 2526 226 2548 245
18-small-car 2527 242 2551 262
18-small-car 2528 258 2552 280
18-small-car 2498 43 2518 60
18-small-car 2502 75 2526 95
18-small-car 2501 165 2523 185
18-small-car 2502 181 2525 201
18-small-car 2501 195 2525 216
18-small-car 2502 211 2525 230
18-small-car 2506 227 2527 246
18-small-car 2501 241 2525 260
18-small-car 2500 255 2528 277
18-small-car 2502 276 2528 298
18-small-car 2450 70 2472 85
18-small-car 2448 100 2473 122
18-small-car 2443 131 2475 152
18-small-car 2448 162 2471 181
18-small-car 2448 180 2472 198
18-small-car 2448 197 2470 215
18-small-car 2443 215 2466 233
18-small-car 2443 241 2471 260
18-small-car 2440 260 2466 277
18-small-car 2446 275 2472 292
18-small-car 2467 318 2492 333
18-small-car 2418 31 2447 46
18-small-car 2422 46 2448 62
18-small-car 2422 63 2446 81
18-small-car 2422 80 2446 95
18-small-car 2422 96 2445 112
18-small-car 2426 110 2447 127
18-small-car 2420 126 2442 142
18-small-car 2422 145 2442 158
18-small-car 2422 161 2441 175
18-small-car 2421 177 2445 193
18-small-car 2423 191 2446 205
18-small-car 2422 206 2446 220
18-small-car 2422 223 2442 238
18-small-car 2421 251 2442 266
18-small-car 2403 171 2415 192
18-small-car 2406 258 2417 282
18-small-car 2375 43 2398 62
18-small-car 2371 71 2393 91
18-small-car 2373 87 2396 107
18-small-car 2372 101 2396 123
18-small-car 2377 121 2398 141
18-small-car 2370 132 2392 153
18-small-car 2370 147 2396 168
18-small-car 2367 163 2392 183
18-small-car 2368 178 2392 196
18-small-car 2366 193 2392 213
18-small-car 2372 211 2396 230
18-small-car 2372 231 2397 251
18-small-car 2373 252 2397 272
18-small-car 2348 76 2372 92
18-small-car 2345 86 2367 103
18-small-car 2346 105 2370 123
18-small-car 2343 118 2370 140
18-small-car 2341 131 2367 152
18-small-car 2345 148 2367 170
18-small-car 2345 166 2370 185
18-small-car 2342 180 2367 197
18-small-car 2337 191 2368 220
18-small-car 2293 1 2320 15
18-small-car 2295 25 2320 47
18-small-car 2296 41 2317 61
18-small-car 2292 57 2316 76
18-small-car 2292 72 2317 92
18-small-car 2295 90 2317 110
18-small-car 2295 105 2318 123
18-small-car 2295 118 2318 140
18-small-car 2295 132 2317 152
18-small-car 2296 165 2317 185
18-small-car 2297 180 2317 200
18-small-car 2292 198 2316 221
18-small-car 2306 277 2320 302
18-small-car 2351 233 2368 261
18-small-car 2810 476 2832 488
18-small-car 2810 587 2832 600
18-small-car 2811 615 2833 626
18-small-car 2810 628 2835 641
18-small-car 2808 682 2832 695
18-small-car 2810 696 2833 708
18-small-car 2808 736 2835 748
18-small-car 2705 727 2730 740
18-small-car 2685 767 2707 780
18-small-car 2685 852 2705 863
18-small-car 2685 893 2710 907
18-small-car 2683 913 2705 927
18-small-car 2573 895 2601 911
18-small-car 2511 891 2523 916
18-small-car 2728 1108 2741 1136
18-small-car 2715 1110 2726 1132
18-small-car 2703 1110 2713 1136
18-small-car 2691 1113 2702 1137
18-small-car 2678 1115 2690 1137
18-small-car 2666 1111 2677 1136
18-small-car 2611 1111 2635 1130
18-small-car 2705 1222 2726 1238
18-small-car 2711 1247 2732 1262
18-small-car 2716 1260 2740 1277
18-small-car 2607 1340 2623 1365
18-small-car 2598 1495 2620 1515
18-small-car 2411 1805 2427 1838
18-small-car 2003 1862 2017 1888
18-small-car 2055 1627 2067 1656
18-small-car 2016 1620 2031 1643
18-small-car 1992 1620 2003 1645
18-small-car 1978 1621 1990 1646
18-small-car 1895 1618 1907 1648
18-small-car 1881 1620 1892 1646
18-small-car 1976 1860 1990 1890
18-small-car 1916 1861 1926 1887
18-small-car 1901 1861 1913 1885
18-small-car 2180 1350 2193 1376
18-small-car 2127 1341 2150 1355
18-small-car 2167 1228 2191 1241
18-small-car 2168 1242 2191 1255
23-truck 2183 1308 2208 1345
23-truck 2145 363 2193 382
18-small-car 1767 400 1791 416
18-small-car 1768 417 1792 431
18-small-car 1768 432 1793 447
18-small-car 1767 450 1791 463
