18-small-car 520 25 541 42
18-small-car 526 32 551 51
18-small-car 532 45 555 65
18-small-car 546 52 566 71
18-small-car 546 62 573 85
18-small-car 556 75 578 91
18-small-car 562 82 587 103
18-small-car 568 95 596 112
18-small-car 576 102 600 121
18-small-car 585 111 608 130
18-small-car 591 121 612 138
18-small-car 605 138 631 160
18-small-car 460 20 473 42
18-small-car 678 1 695 18
18-small-car 692 22 706 38
18-small-car 415 38 428 63
18-small-car 401 45 415 68
18-small-car 388 48 401 73
18-small-car 373 55 387 78
18-small-car 361 61 375 86
18-small-car 332 76 346 96
18-small-car 318 80 332 105
18-small-car 305 86 317 108
18-small-car 290 91 303 115
18-small-car 276 97 290 118
18-small-car 263 105 275 128
18-small-car 247 111 261 133
18-small-car 233 118 248 141
18-small-car 220 121 233 147
18-small-car 207 127 222 155
18-small-car 193 132 206 156
18-small-car 178 138 191 161
18-small-car 165 145 177 167
18-small-car 151 151 165 172
18-small-car 137 156 150 177
18-small-car 108 168 122 191
18-small-car 93 175 107 200
18-small-car 80 181 95 202
18-small-car 66 188 88 213
18-small-car 162 118 191 133
18-small-car 141 127 166 143
18-small-car 117 136 142 152
18-small-car 67 153 90 175
18-small-car 5 180 41 205
18-small-car 450 1 470 13
18-small-car 2 28 21 42
18-small-car 8 40 40 55
18-small-car 1 81 10 103
18-small-car 1 96 20 122
18-small-car 558 306 583 330
18-small-car 587 337 611 360
18-small-car 628 391 650 413
18-small-car 645 408 668 422
18-small-car 506 322 535 338
18-small-car 526 343 553 358
18-small-car 546 365 572 378
18-small-car 551 375 577 388
18-small-car 567 397 593 411
18-small-car 467 357 486 382
18-small-car 480 380 498 401
18-small-car 497 403 517 422
18-small-car 386 322 401 345
18-small-car 430 373 452 405
18-small-car 465 65 488 87
18-small-car 451 71 475 93
18-small-car 435 78 458 97
18-small-car 423 83 447 103
18-small-car 408 90 432 111
18-small-car 395 96 416 115
18-small-car 380 102 408 122
18-small-car 368 107 393 128
18-small-car 353 113 378 135
18-small-car 337 122 366 141
18-small-car 476 82 503 101
18-small-car 486 92 512 113
18-small-car 501 112 526 133
18-small-car 517 131 542 155
18-small-car 466 96 487 117
18-small-car 455 98 477 122
18-small-car 442 105 461 127
18-small-car 428 111 450 131
18-small-car 416 113 437 136
18-small-car 405 118 425 141
18-small-car 391 126 412 147
18-small-car 377 131 400 155
18-small-car 366 137 388 161
18-small-car 352 141 373 163
18-small-car 310 132 336 153
18-small-car 295 138 321 160
18-small-car 281 143 308 166
18-small-car 268 152 293 171
18-small-car 256 153 277 175
18-small-car 238 158 263 182
18-small-car 228 167 253 190
18-small-car 211 171 236 195
18-small-car 180 181 210 207
18-small-car 173 192 198 212
18-small-car 162 195 188 217
18-small-car 148 201 171 223
18-small-car 130 207 156 230
18-small-car 321 156 342 177
18-small-car 310 161 330 182
18-small-car 296 166 317 186
18-small-car 272 176 295 197
18-small-car 261 181 281 203
18-small-car 250 185 268 206
18-small-car 225 195 247 216
18-small-car 213 198 236 222
18-small-car 202 206 222 226
18-small-car 191 211 210 232
18-small-car 178 215 198 237
18-small-car 165 221 186 242
18-small-car 155 227 173 247
18-small-car 140 232 161 255
18-small-car 488 140 508 163
18-small-car 475 146 495 168
18-small-car 460 152 482 175
18-small-car 451 158 468 180
18-small-car 436 163 457 185
18-small-car 415 177 431 196
18-small-car 398 181 420 201
18-small-car 387 185 405 205
18-small-car 372 190 391 212
18-small-car 363 193 383 215
18-small-car 356 198 373 218
18-small-car 345 203 362 226
18-small-car 333 211 350 230
18-small-car 321 213 338 235
18-small-car 310 221 326 241
18-small-car 295 223 313 245
18-small-car 283 228 302 250
18-small-car 272 232 291 255
18-small-car 260 237 277 258
18-small-car 248 243 267 263
18-small-car 235 248 253 271
18-small-car 222 252 241 275
18-small-car 212 258 231 280
18-small-car 198 262 218 286
18-small-car 187 268 206 290
18-small-car 172 275 193 297
18-small-car 527 153 553 172
18-small-car 513 158 538 177
18-small-car 497 167 522 183
18-small-car 483 172 508 190
18-small-car 468 177 493 195
18-small-car 455 185 480 201
18-small-car 440 191 465 210
18-small-car 423 196 450 213
18-small-car 411 202 436 221
18-small-car 398 210 421 226
18-small-car 381 216 407 235
18-small-car 365 222 391 241
18-small-car 352 227 376 246
18-small-car 340 235 363 252
18-small-car 323 240 350 258
18-small-car 307 246 331 265
18-small-car 296 253 322 272
18-small-car 275 258 301 277
18-small-car 263 266 288 283
18-small-car 250 271 277 290
18-small-car 233 277 260 296
18-small-car 213 286 240 303
18-small-car 200 292 225 310
18-small-car 183 298 211 320
18-small-car 582 176 598 200
18-small-car 565 187 580 210
18-small-car 547 190 561 213
18-small-car 535 197 547 223
18-small-car 521 201 533 226
18-small-car 506 212 518 235
18-small-car 492 216 503 241
18-small-car 476 223 490 250
18-small-car 462 230 475 255
18-small-car 446 235 458 261
18-small-car 432 242 445 268
18-small-car 418 246 430 272
18-small-car 403 256 416 282
18-small-car 390 258 401 286
18-small-car 375 267 387 292
18-small-car 361 275 373 300
18-small-car 346 281 357 303
18-small-car 330 286 341 312
18-small-car 316 292 330 317
18-small-car 301 296 313 321
18-small-car 287 305 298 330
18-small-car 275 310 286 336
18-small-car 260 315 272 341
18-small-car 245 322 257 347
18-small-car 228 331 242 356
18-small-car 212 335 226 362
18-small-car 198 345 210 370
18-small-car 185 348 197 372
18-small-car 375 362 397 386
18-small-car 363 370 383 391
18-small-car 352 377 372 397
18-small-car 338 381 358 406
18-small-car 317 337 340 361
18-small-car 298 342 320 365
18-small-car 268 355 288 376
18-small-car 240 367 262 391
18-small-car 227 375 248 395
18-small-car 215 377 236 400
18-small-car 198 383 218 406
18-small-car 178 393 198 415
18-small-car 157 406 177 422
18-small-car 138 410 156 422
18-small-car 327 387 347 408
18-small-car 313 391 336 416
18-small-car 298 396 322 417
18-small-car 395 385 412 406
18-small-car 381 388 401 412
18-small-car 367 395 387 417
18-small-car 342 406 360 422
18-small-car 46 226 68 245
18-small-car 56 237 80 255
18-small-car 65 248 88 265
18-small-car 70 255 96 271
18-small-car 76 270 100 287
18-small-car 86 272 115 295
18-small-car 93 285 115 303
18-small-car 100 292 122 311
18-small-car 108 300 131 321
18-small-car 115 312 138 331
18-small-car 121 322 146 340
18-small-car 127 332 155 355
18-small-car 133 343 158 362
18-small-car 141 351 163 370
18-small-car 6 272 26 290
18-small-car 57 281 75 302
18-small-car 72 300 91 322
18-small-car 88 321 110 343
18-small-car 73 325 91 348
18-small-car 15 378 40 397
18-small-car 1 403 21 420
18-small-car 82 395 103 410
