18-small-car 468 83 480 93
18-small-car 447 75 460 84
18-small-car 429 59 438 70
18-small-car 477 156 484 166
18-small-car 472 154 479 162
18-small-car 467 149 474 160
18-small-car 459 146 469 158
18-small-car 120 78 128 91
18-small-car 419 126 426 137
18-small-car 411 123 421 135
18-small-car 397 109 407 120
18-small-car 454 167 461 177
18-small-car 449 165 456 174
18-small-car 442 162 449 173
18-small-car 436 161 444 171
18-small-car 432 159 438 168
18-small-car 426 157 433 166
18-small-car 420 153 429 163
18-small-car 409 150 417 159
18-small-car 405 147 413 156
18-small-car 399 144 408 156
18-small-car 393 138 401 150
18-small-car 495 178 503 191
18-small-car 483 183 491 194
17-passenger-vehicle 484 196 495 212
18-small-car 471 202 480 213
18-small-car 476 227 489 240
18-small-car 462 246 471 259
18-small-car 464 212 474 225
18-small-car 448 241 456 252
18-small-car 498 290 506 301
18-small-car 493 288 501 297
18-small-car 483 285 493 295
18-small-car 477 282 484 290
18-small-car 471 279 479 289
18-small-car 432 294 442 304
18-small-car 436 277 445 288
18-small-car 425 277 434 288
18-small-car 441 174 451 187
18-small-car 393 153 401 164
18-small-car 398 156 407 167
18-small-car 404 160 412 174
18-small-car 408 162 417 174
18-small-car 414 163 421 176
18-small-car 421 162 428 177
18-small-car 426 167 432 180
18-small-car 429 172 439 185
18-small-car 457 198 465 210
18-small-car 450 197 459 209
18-small-car 444 197 451 209
18-small-car 438 196 444 208
18-small-car 432 196 438 208
18-small-car 425 196 432 207
18-small-car 420 195 426 207
18-small-car 413 195 420 207
18-small-car 407 195 414 207
18-small-car 402 195 408 207
18-small-car 394 194 402 207
18-small-car 381 157 390 167
18-small-car 385 168 398 177
18-small-car 381 174 396 183
18-small-car 379 178 393 188
18-small-car 377 183 387 191
18-small-car 369 174 379 186
18-small-car 383 193 390 206
18-small-car 374 205 386 213
18-small-car 375 192 385 204
18-small-car 368 192 377 206
18-small-car 363 183 369 194
18-small-car 361 196 368 207
18-small-car 337 177 351 186
18-small-car 348 196 355 207
18-small-car 342 195 349 207
18-small-car 333 195 342 207
18-small-car 327 197 334 207
18-small-car 319 195 327 206
18-small-car 312 194 321 205
18-small-car 307 194 315 204
18-small-car 298 192 307 204
18-small-car 322 176 333 189
18-small-car 312 171 323 183
18-small-car 264 193 271 205
18-small-car 250 194 258 207
18-small-car 289 157 296 168
18-small-car 128 80 135 92
18-small-car 134 82 142 94
18-small-car 141 85 148 96
18-small-car 145 88 153 100
18-small-car 150 94 159 105
18-small-car 157 97 164 108
18-small-car 163 99 171 111
18-small-car 170 101 178 115
18-small-car 174 105 183 117
18-small-car 181 105 189 117
18-small-car 185 108 195 123
18-small-car 192 113 201 124
18-small-car 198 114 207 127
18-small-car 204 117 213 130
18-small-car 210 120 218 133
18-small-car 215 123 224 137
18-small-car 222 125 231 141
18-small-car 226 130 237 142
18-small-car 234 133 243 145
18-small-car 239 135 246 147
18-small-car 245 137 254 150
18-small-car 250 140 259 152
18-small-car 255 145 264 158
18-small-car 282 156 290 167
18-small-car 276 154 283 166
18-small-car 268 150 278 162
18-small-car 255 172 261 182
18-small-car 247 169 256 181
18-small-car 241 167 250 178
18-small-car 141 102 153 112
18-small-car 125 115 135 127
18-small-car 132 117 140 129
18-small-car 137 120 146 132
18-small-car 142 123 150 134
18-small-car 150 123 157 135
18-small-car 156 126 164 140
18-small-car 161 129 169 142
18-small-car 165 133 174 146
18-small-car 171 137 178 147
18-small-car 177 141 184 150
18-small-car 183 142 190 153
18-small-car 188 145 196 156
18-small-car 194 148 202 159
18-small-car 199 150 207 164
18-small-car 207 151 216 162
18-small-car 230 163 242 178
18-small-car 228 158 235 169
18-small-car 219 157 228 168
18-small-car 222 169 231 180
18-small-car 214 166 224 180
18-small-car 208 164 218 174
18-small-car 190 158 198 169
18-small-car 183 156 192 168
18-small-car 173 148 182 160
18-small-car 166 147 174 159
18-small-car 161 144 168 156
18-small-car 149 138 157 150
18-small-car 138 133 146 145
18-small-car 130 130 141 144
18-small-car 126 128 135 140
18-small-car 120 125 129 139
18-small-car 113 81 123 93
18-small-car 108 88 119 98
18-small-car 103 93 116 104
18-small-car 100 99 113 110
18-small-car 96 105 110 115
18-small-car 95 112 107 121
18-small-car 90 116 103 128
18-small-car 87 122 103 132
18-small-car 86 129 99 138
18-small-car 216 189 225 201
18-small-car 204 183 213 197
18-small-car 200 181 207 194
18-small-car 193 177 202 192
18-small-car 170 169 182 179
18-small-car 144 156 157 165
18-small-car 133 152 146 160
18-small-car 121 146 134 156
18-small-car 110 141 122 151
18-small-car 228 213 237 226
18-small-car 223 210 231 223
18-small-car 210 208 219 220
18-small-car 201 203 209 215
18-small-car 196 201 203 210
18-small-car 191 198 199 209
18-small-car 186 195 192 204
18-small-car 179 192 188 203
18-small-car 174 186 183 199
18-small-car 168 184 177 196
18-small-car 161 182 171 195
18-small-car 155 180 164 193
18-small-car 151 178 159 189
18-small-car 144 175 153 189
18-small-car 138 172 147 184
18-small-car 135 169 143 180
18-small-car 126 166 134 178
18-small-car 120 162 129 175
18-small-car 114 162 125 171
18-small-car 110 159 117 169
18-small-car 105 154 113 165
18-small-car 101 150 108 159
18-small-car 92 149 103 159
18-small-car 85 147 99 156
18-small-car 84 141 96 150
18-small-car 84 135 98 144
18-small-car 224 234 237 245
18-small-car 170 215 182 225
21-utility-truck 141 193 158 208
18-small-car 114 178 127 189
18-small-car 99 172 112 183
18-small-car 255 266 267 276
18-small-car 258 275 270 285
18-small-car 264 294 273 304
18-small-car 183 255 192 269
18-small-car 195 259 204 273
18-small-car 203 265 211 276
18-small-car 209 269 218 279
18-small-car 218 272 226 285
18-small-car 225 275 232 287
18-small-car 223 277 237 294
18-small-car 234 280 243 291
18-small-car 241 282 250 295
18-small-car 240 285 255 295
18-small-car 254 288 261 299
18-small-car 258 291 267 304
18-small-car 165 254 179 265
18-small-car 156 237 168 249
18-small-car 159 246 171 258
18-small-car 150 214 164 223
18-small-car 144 264 153 276
18-small-car 150 267 159 279
18-small-car 158 272 168 287
18-small-car 165 274 173 285
18-small-car 171 276 178 287
18-small-car 170 275 185 290
18-small-car 182 281 189 293
18-small-car 187 283 195 294
18-small-car 192 283 201 295
18-small-car 138 273 146 284
18-small-car 146 276 153 287
18-small-car 150 279 157 291
18-small-car 155 286 162 296
18-small-car 162 287 170 298
18-small-car 170 288 178 301
18-small-car 302 47 313 61
18-small-car 130 295 140 304
18-small-car 125 293 136 303
18-small-car 140 239 149 249
18-small-car 130 261 138 272
18-small-car 122 272 131 282
18-small-car 116 282 124 293
18-small-car 110 294 120 304
18-small-car 138 222 151 230
18-small-car 138 228 149 236
18-small-car 131 235 144 242
18-small-car 127 241 141 249
18-small-car 122 249 135 256
18-small-car 117 257 132 264
18-small-car 114 263 129 270
18-small-car 114 268 126 276
18-small-car 107 274 120 282
18-small-car 102 280 115 287
18-small-car 102 285 116 291
18-small-car 97 290 111 297
18-small-car 94 297 108 304
18-small-car 129 216 138 228
18-small-car 111 220 121 231
18-small-car 108 225 117 236
18-small-car 105 231 115 244
18-small-car 101 238 111 249
18-small-car 98 244 108 255
18-small-car 95 250 105 259
18-small-car 90 255 100 265
18-small-car 88 260 98 271
18-small-car 84 266 94 278
18-small-car 81 272 90 285
18-small-car 78 276 87 288
18-small-car 74 282 81 291
18-small-car 71 290 81 300
18-small-car 68 293 77 304
18-small-car 98 216 111 223
18-small-car 96 223 109 230
18-small-car 93 229 106 235
18-small-car 89 234 103 241
18-small-car 85 241 98 247
18-small-car 83 246 96 252
18-small-car 78 252 91 258
18-small-car 77 258 89 264
18-small-car 75 263 87 269
18-small-car 69 269 84 276
18-small-car 64 275 78 282
18-small-car 61 280 75 287
18-small-car 56 286 71 292
18-small-car 54 291 66 299
18-small-car 51 297 66 304
18-small-car 73 210 84 220
18-small-car 72 215 79 224
18-small-car 68 220 78 233
18-small-car 63 225 73 237
18-small-car 60 231 69 242
18-small-car 57 237 66 247
18-small-car 54 243 65 255
18-small-car 50 249 60 259
18-small-car 48 255 57 266
18-small-car 43 260 54 271
18-small-car 41 267 51 279
18-small-car 37 271 46 282
18-small-car 35 280 45 293
18-small-car 30 285 40 296
18-small-car 27 289 36 301
18-small-car 22 294 31 301
18-small-car 63 204 75 215
18-small-car 60 209 70 219
18-small-car 57 216 66 226
18-small-car 54 221 64 232
18-small-car 51 225 60 238
18-small-car 46 231 58 244
18-small-car 44 239 56 251
18-small-car 39 244 51 255
18-small-car 37 248 47 261
18-small-car 33 255 43 266
18-small-car 30 261 40 274
18-small-car 28 267 39 280
18-small-car 23 270 33 284
18-small-car 20 277 30 290
18-small-car 15 284 28 295
18-small-car 12 288 23 300
18-small-car 9 294 20 303
18-small-car 4 298 12 304
18-small-car 0 268 8 273
18-small-car 0 274 5 279
18-small-car 21 224 35 231
18-small-car 15 229 27 237
18-small-car 12 235 26 242
18-small-car 9 242 24 249
18-small-car 77 178 93 189
18-small-car 48 184 61 191
18-small-car 39 191 53 198
18-small-car 33 196 49 204
18-small-car 18 200 27 212
17-passenger-vehicle 50 159 63 174
18-small-car 48 134 58 145
18-small-car 101 0 115 9
18-small-car 99 4 111 15
18-small-car 97 12 111 26
18-small-car 71 24 84 37
18-small-car 31 15 45 24
18-small-car 58 27 72 39
17-passenger-vehicle 68 54 78 72
17-passenger-vehicle 141 298 149 304
17-passenger-vehicle 481 88 492 99
18-small-car 285 264 300 277
18-small-car 270 297 279 304
18-small-car 278 299 286 304
18-small-car 472 298 485 304
18-small-car 486 297 497 304
18-small-car 175 291 186 303
18-small-car 187 295 197 304
