18-small-car 513 285 533 306
18-small-car 538 312 557 332
18-small-car 546 320 565 340
18-small-car 463 301 487 315
18-small-car 468 322 492 337
18-small-car 417 322 430 337
18-small-car 421 331 436 347
18-small-car 435 345 451 365
18-small-car 447 360 463 378
18-small-car 3 26 21 38
18-small-car 10 47 35 61
18-small-car 48 97 68 110
18-small-car 1 77 8 96
18-small-car 1 86 16 108
18-small-car 7 96 25 118
18-small-car 183 36 202 56
18-small-car 488 53 508 70
18-small-car 495 63 515 80
18-small-car 497 71 521 90
18-small-car 507 80 527 95
18-small-car 513 86 533 102
18-small-car 520 96 541 111
18-small-car 523 107 546 121
18-small-car 532 112 553 128
18-small-car 543 130 562 143
18-small-car 551 137 575 152
18-small-car 560 147 583 165
18-small-car 568 162 591 177
18-small-car 437 46 448 68
18-small-car 421 53 432 72
18-small-car 407 58 418 78
18-small-car 393 65 406 86
18-small-car 381 71 392 92
18-small-car 357 81 370 102
18-small-car 345 85 356 103
18-small-car 331 90 343 110
18-small-car 318 97 332 115
18-small-car 440 87 460 105
18-small-car 426 95 452 112
18-small-car 413 101 436 116
18-small-car 401 107 425 122
18-small-car 388 112 412 128
18-small-car 451 106 472 123
18-small-car 457 116 481 131
18-small-car 461 125 486 138
18-small-car 470 136 496 148
18-small-car 477 145 496 158
18-small-car 483 150 508 166
18-small-car 498 165 520 178
18-small-car 440 113 452 127
18-small-car 431 117 446 132
18-small-car 422 122 436 137
18-small-car 408 127 423 142
18-small-car 395 132 410 146
18-small-car 385 137 400 153
18-small-car 372 141 387 157
18-small-car 362 147 377 162
18-small-car 351 152 366 167
18-small-car 340 156 355 171
18-small-car 327 161 343 176
18-small-car 311 168 327 183
18-small-car 298 172 317 190
18-small-car 288 177 305 195
18-small-car 276 182 292 198
18-small-car 266 186 282 203
18-small-car 256 191 273 207
18-small-car 248 196 265 213
18-small-car 230 203 246 221
18-small-car 215 210 232 226
18-small-car 202 215 221 231
18-small-car 192 217 208 235
18-small-car 182 223 197 241
18-small-car 171 228 190 247
18-small-car 161 232 178 251
18-small-car 142 241 165 262
18-small-car 107 186 122 211
18-small-car 80 198 98 217
18-small-car 62 233 86 247
18-small-car 71 243 97 257
18-small-car 77 253 102 268
18-small-car 460 155 476 173
18-small-car 448 158 462 176
18-small-car 433 162 452 181
18-small-car 425 168 442 187
18-small-car 411 175 428 192
18-small-car 398 177 415 193
18-small-car 388 182 407 200
18-small-car 377 187 393 205
18-small-car 366 193 383 211
18-small-car 348 205 362 217
18-small-car 341 206 357 223
18-small-car 327 212 343 228
18-small-car 317 215 336 235
18-small-car 307 221 325 236
18-small-car 296 225 312 242
18-small-car 285 227 301 245
18-small-car 273 233 292 255
18-small-car 265 235 281 253
18-small-car 255 242 271 261
18-small-car 242 247 258 266
18-small-car 222 258 242 280
18-small-car 210 262 228 282
18-small-car 190 273 210 291
18-small-car 177 277 196 296
18-small-car 103 287 130 306
18-small-car 488 173 508 190
18-small-car 468 178 490 191
18-small-car 456 185 478 198
18-small-car 443 190 465 203
18-small-car 428 197 452 211
18-small-car 416 201 435 212
18-small-car 401 207 426 221
18-small-car 391 215 413 227
18-small-car 372 217 397 231
18-small-car 365 223 386 236
18-small-car 353 230 373 243
18-small-car 340 235 357 247
18-small-car 327 240 348 256
18-small-car 310 245 332 260
18-small-car 286 256 310 271
18-small-car 273 261 295 277
18-small-car 188 298 212 315
18-small-car 548 188 562 207
18-small-car 531 196 542 215
18-small-car 516 198 527 221
18-small-car 502 207 515 227
18-small-car 488 216 501 235
18-small-car 475 218 486 242
18-small-car 461 227 472 246
18-small-car 447 226 460 251
18-small-car 435 233 446 255
18-small-car 422 238 433 265
18-small-car 410 247 422 267
18-small-car 396 251 410 275
18-small-car 383 255 395 281
18-small-car 371 262 383 285
18-small-car 358 270 371 293
18-small-car 346 278 358 298
18-small-car 331 280 343 305
18-small-car 318 286 332 306
18-small-car 271 303 283 327
18-small-car 252 313 266 340
18-small-car 171 345 185 370
18-small-car 610 1 625 15
18-small-car 622 16 633 33
18-small-car 262 37 286 47
18-small-car 350 2 367 12
18-small-car 322 12 337 25
18-small-car 308 16 325 28
18-small-car 171 25 187 41
18-small-car 162 13 178 28
18-small-car 162 81 178 92
18-small-car 146 87 161 100
18-small-car 128 93 147 107
