18-small-car 477 0 487 12
18-small-car 463 23 474 34
18-small-car 458 14 469 27
18-small-car 451 43 460 54
18-small-car 444 55 453 66
18-small-car 419 113 427 121
18-small-car 431 95 438 102
18-small-car 488 164 495 173
18-small-car 482 161 490 173
18-small-car 476 157 484 168
18-small-car 471 156 479 168
18-small-car 464 152 471 163
18-small-car 426 134 433 145
18-small-car 421 131 428 143
18-small-car 406 117 415 129
18-small-car 375 120 385 134
18-small-car 355 147 366 157
18-small-car 512 302 516 311
18-small-car 506 301 512 311
18-small-car 500 297 507 309
18-small-car 495 295 502 306
18-small-car 490 292 497 303
18-small-car 483 290 490 300
18-small-car 505 226 517 237
18-small-car 477 272 484 285
18-small-car 468 284 477 295
18-small-car 465 276 473 287
18-small-car 451 264 460 275
18-small-car 496 206 505 218
18-small-car 493 192 502 204
18-small-car 488 204 495 215
18-small-car 469 179 477 189
18-small-car 464 177 472 189
18-small-car 459 175 465 186
18-small-car 452 173 458 183
18-small-car 447 170 453 180
18-small-car 439 168 450 179
18-small-car 435 165 444 174
18-small-car 429 161 437 171
18-small-car 416 157 426 168
18-small-car 411 155 420 165
18-small-car 406 150 413 162
18-small-car 291 137 305 146
18-small-car 449 184 457 194
18-small-car 440 181 448 192
18-small-car 433 177 441 189
18-small-car 423 171 432 184
18-small-car 418 169 426 180
18-small-car 411 168 420 181
18-small-car 467 210 475 222
18-small-car 462 207 469 219
18-small-car 453 209 462 221
18-small-car 447 208 454 220
18-small-car 440 208 447 219
18-small-car 434 208 441 219
18-small-car 428 207 434 219
18-small-car 422 207 428 218
18-small-car 416 205 422 217
18-small-car 411 204 417 215
18-small-car 403 205 410 216
18-small-car 396 204 402 215
18-small-car 390 204 396 216
18-small-car 384 216 397 221
18-small-car 396 173 408 183
18-small-car 393 179 404 186
18-small-car 389 183 404 192
18-small-car 386 189 399 197
18-small-car 382 195 396 203
18-small-car 371 203 384 210
18-small-car 350 203 356 215
18-small-car 341 205 348 216
18-small-car 333 204 341 216
18-small-car 325 204 333 216
18-small-car 320 205 327 215
18-small-car 311 203 320 217
18-small-car 282 203 291 215
18-small-car 273 205 280 216
18-small-car 265 205 273 216
18-small-car 259 204 266 217
18-small-car 247 208 253 219
18-small-car 346 183 352 195
18-small-car 336 183 345 196
18-small-car 328 183 334 193
18-small-car 321 177 326 189
18-small-car 313 175 319 187
18-small-car 306 173 312 185
18-small-car 296 168 303 180
18-small-car 288 163 294 175
18-small-car 280 161 288 174
18-small-car 275 159 282 171
18-small-car 268 156 274 168
18-small-car 262 151 270 164
18-small-car 252 147 262 162
18-small-car 249 145 257 156
18-small-car 244 143 250 153
18-small-car 238 141 244 151
18-small-car 230 135 240 149
18-small-car 226 132 234 145
18-small-car 219 129 227 143
18-small-car 213 126 221 139
18-small-car 208 124 216 136
18-small-car 201 123 209 134
18-small-car 195 120 204 132
18-small-car 183 112 192 125
18-small-car 175 114 184 126
18-small-car 170 108 180 120
18-small-car 165 105 174 117
18-small-car 159 102 167 113
18-small-car 153 99 161 112
18-small-car 147 96 154 108
18-small-car 141 92 149 105
18-small-car 137 90 145 102
18-small-car 131 88 138 101
18-small-car 124 88 132 100
18-small-car 60 35 73 45
18-small-car 101 3 115 12
18-small-car 98 18 111 26
18-small-car 266 182 272 192
18-small-car 259 178 266 191
21-utility-truck 251 177 260 191
18-small-car 241 189 249 201
18-small-car 241 177 249 188
18-small-car 235 174 243 186
18-small-car 230 171 236 180
18-small-car 224 168 231 180
18-small-car 217 165 225 175
18-small-car 211 162 217 173
18-small-car 206 159 213 170
18-small-car 199 156 207 167
18-small-car 193 151 201 162
18-small-car 186 150 193 161
18-small-car 180 149 186 159
18-small-car 174 147 181 158
18-small-car 169 140 177 152
18-small-car 163 136 171 149
18-small-car 156 134 164 148
21-utility-truck 150 132 159 147
18-small-car 144 132 151 141
18-small-car 139 131 147 141
18-small-car 135 124 144 135
18-small-car 129 122 137 133
18-small-car 123 118 133 130
18-small-car 229 185 237 195
18-small-car 216 179 225 192
18-small-car 206 174 213 186
18-small-car 199 168 207 179
18-small-car 193 166 200 177
18-small-car 187 162 195 174
18-small-car 182 159 189 171
18-small-car 175 158 182 170
18-small-car 170 156 177 168
18-small-car 165 150 172 161
18-small-car 145 145 153 157
18-small-car 139 142 147 153
18-small-car 134 140 141 150
18-small-car 129 133 138 147
18-small-car 123 132 131 144
18-small-car 233 225 240 237
18-small-car 223 203 234 212
18-small-car 210 197 222 206
18-small-car 219 218 227 229
18-small-car 210 213 221 227
18-small-car 190 204 199 216
18-small-car 183 202 190 213
18-small-car 177 198 186 207
18-small-car 171 195 179 204
18-small-car 166 190 173 200
18-small-car 159 185 168 196
18-small-car 154 183 162 195
18-small-car 148 180 156 191
18-small-car 141 175 151 189
18-small-car 117 166 126 178
18-small-car 110 161 119 176
18-small-car 98 158 107 169
18-small-car 92 156 100 167
18-small-car 110 97 123 105
18-small-car 108 104 120 112
17-passenger-vehicle 101 108 117 117
18-small-car 100 115 112 124
18-small-car 98 120 109 129
18-small-car 94 126 105 134
18-small-car 90 130 103 141
18-small-car 87 135 99 144
18-small-car 84 142 97 150
18-small-car 82 150 95 158
18-small-car 70 124 80 137
18-small-car 81 85 90 96
18-small-car 336 300 348 311
18-small-car 322 293 335 303
18-small-car 309 287 322 297
18-small-car 294 277 307 288
18-small-car 282 272 293 282
18-small-car 268 266 280 275
18-small-car 257 260 269 270
18-small-car 241 252 254 262
18-small-car 226 244 241 255
18-small-car 213 237 226 247
18-small-car 198 230 213 240
18-small-car 186 224 198 234
18-small-car 169 214 184 227
18-small-car 157 209 168 219
18-small-car 141 201 155 211
18-small-car 129 195 141 205
18-small-car 117 189 129 198
18-small-car 101 182 112 192
18-small-car 291 303 305 311
18-small-car 276 294 289 303
18-small-car 259 285 272 294
18-small-car 237 274 251 285
18-small-car 225 268 237 278
18-small-car 210 261 222 273
18-small-car 198 255 211 266
18-small-car 186 248 198 258
18-small-car 176 243 187 254
18-small-car 162 237 176 247
18-small-car 143 233 156 239
18-small-car 272 307 278 311
18-small-car 264 303 272 311
18-small-car 258 300 266 311
18-small-car 251 298 261 310
18-small-car 247 295 255 309
18-small-car 240 291 249 305
18-small-car 228 286 237 297
18-small-car 223 282 231 294
18-small-car 213 280 222 291
18-small-car 209 276 217 288
18-small-car 201 273 211 285
18-small-car 195 270 204 282
18-small-car 190 267 198 279
18-small-car 185 264 192 276
18-small-car 165 258 173 267
18-small-car 158 254 168 265
18-small-car 154 249 164 261
18-small-car 202 302 210 310
18-small-car 195 300 204 309
18-small-car 188 295 198 306
18-small-car 186 306 192 311
18-small-car 182 291 190 304
18-small-car 179 304 185 311
18-small-car 176 290 183 301
18-small-car 171 303 178 311
18-small-car 171 287 177 297
18-small-car 164 299 172 310
18-small-car 165 285 171 295
18-small-car 159 282 167 294
18-small-car 153 279 161 291
18-small-car 149 276 155 286
18-small-car 159 295 166 306
18-small-car 153 292 162 303
18-small-car 149 289 157 300
18-small-car 142 287 151 297
18-small-car 138 239 151 244
18-small-car 135 244 147 251
18-small-car 141 256 150 268
18-small-car 133 269 141 279
18-small-car 126 280 135 291
18-small-car 120 291 129 301
18-small-car 115 302 123 311
18-small-car 130 251 142 258
18-small-car 126 258 140 263
18-small-car 124 263 137 269
18-small-car 121 267 133 273
18-small-car 119 273 130 280
18-small-car 116 280 127 285
18-small-car 111 287 123 292
18-small-car 108 292 120 297
18-small-car 105 297 117 303
18-small-car 102 303 114 309
18-small-car 112 231 124 243
18-small-car 111 239 121 249
18-small-car 107 243 117 252
18-small-car 102 246 112 259
18-small-car 99 255 111 267
18-small-car 95 261 105 273
18-small-car 92 266 103 279
18-small-car 90 272 99 282
18-small-car 86 276 96 288
18-small-car 82 282 91 293
18-small-car 80 288 89 299
18-small-car 75 294 84 304
18-small-car 72 300 83 311
18-small-car 103 227 114 233
18-small-car 97 234 110 239
18-small-car 93 239 105 244
18-small-car 89 246 101 251
18-small-car 85 251 100 257
18-small-car 83 257 94 262
18-small-car 80 262 93 268
18-small-car 77 269 90 274
18-small-car 73 275 86 280
18-small-car 71 279 83 285
18-small-car 66 286 79 291
18-small-car 63 293 75 298
18-small-car 60 297 73 303
18-small-car 55 303 69 310
18-small-car 58 277 69 291
18-small-car 75 218 83 226
18-small-car 73 226 82 236
18-small-car 69 231 80 241
18-small-car 65 235 74 246
18-small-car 62 243 73 254
18-small-car 59 248 67 258
18-small-car 54 255 64 266
18-small-car 50 260 59 270
18-small-car 48 267 58 278
18-small-car 45 273 56 284
18-small-car 41 277 50 287
18-small-car 36 281 47 292
18-small-car 34 288 44 299
18-small-car 30 295 40 306
18-small-car 27 302 36 311
18-small-car 22 306 29 311
18-small-car 65 213 75 225
18-small-car 61 220 72 230
18-small-car 57 223 66 235
18-small-car 54 232 65 243
18-small-car 51 237 62 249
18-small-car 48 244 58 257
18-small-car 42 246 52 257
18-small-car 40 253 50 264
18-small-car 36 260 47 272
18-small-car 32 264 42 276
18-small-car 29 270 39 280
18-small-car 26 278 36 290
18-small-car 24 283 33 294
18-small-car 19 287 28 299
18-small-car 16 294 26 305
18-small-car 13 300 23 311
18-small-car 0 306 7 311
18-small-car 47 217 56 230
18-small-car 37 234 47 246
18-small-car 27 249 37 261
18-small-car 17 265 25 278
18-small-car 57 189 67 199
18-small-car 45 193 57 200
18-small-car 42 200 55 206
18-small-car 37 207 49 213
18-small-car 21 228 33 234
18-small-car 21 234 34 240
18-small-car 16 240 30 246
18-small-car 12 247 24 252
18-small-car 10 252 21 258
18-small-car 7 258 20 265
18-small-car 0 279 6 283
18-small-car 0 285 4 290
18-small-car 90 21 101 30
18-small-car 426 36 435 48
