18-small-car 225 121 249 148
18-small-car 363 231 384 256
18-small-car 355 222 373 244
18-small-car 343 217 363 240
18-small-car 331 205 352 232
18-small-car 319 201 343 225
18-small-car 304 190 325 217
18-small-car 295 183 318 207
18-small-car 283 175 304 199
18-small-car 276 169 294 189
18-small-car 265 162 286 183
18-small-car 253 150 279 177
18-small-car 243 139 267 166
18-small-car 232 132 255 154
18-small-car 813 189 834 211
18-small-car 687 88 708 112
18-small-car 699 90 724 120
18-small-car 714 106 736 129
18-small-car 726 115 747 138
18-small-car 739 123 757 145
18-small-car 745 129 768 153
18-small-car 753 139 775 165
18-small-car 762 145 784 172
18-small-car 774 154 795 180
18-small-car 784 165 804 189
18-small-car 793 171 813 193
18-small-car 799 177 823 202
18-small-car 834 210 855 234
18-small-car 844 219 865 244
18-small-car 856 225 877 247
18-small-car 865 229 886 253
18-small-car 879 240 900 264
18-small-car 889 250 910 271
18-small-car 901 255 921 279
18-small-car 910 262 930 283
18-small-car 922 270 942 292
18-small-car 930 277 951 301
18-small-car 940 279 964 310
18-small-car 951 292 972 318
18-small-car 573 63 594 87
18-small-car 588 75 607 97
18-small-car 603 82 622 103
18-small-car 609 90 634 115
18-small-car 622 100 646 123
18-small-car 642 114 661 136
18-small-car 654 120 673 144
18-small-car 663 127 684 153
18-small-car 676 133 700 159
18-small-car 685 145 708 168
18-small-car 696 153 718 175
18-small-car 706 162 733 187
18-small-car 720 175 741 199
18-small-car 730 186 750 205
18-small-car 739 193 757 213
18-small-car 748 196 772 219
18-small-car 757 204 781 226
18-small-car 771 210 795 232
18-small-car 775 219 796 241
18-small-car 504 51 523 72
18-small-car 519 60 540 82
18-small-car 531 69 552 91
18-small-car 543 78 564 102
18-small-car 561 82 582 106
18-small-car 570 91 591 115
18-small-car 583 102 603 123
18-small-car 592 111 612 135
18-small-car 603 115 625 138
18-small-car 615 120 637 145
18-small-car 624 133 643 157
18-small-car 633 139 658 165
18-small-car 645 150 666 174
18-small-car 658 156 676 180
18-small-car 666 163 687 184
18-small-car 676 169 699 193
18-small-car 691 183 709 204
18-small-car 700 192 721 214
18-small-car 711 199 732 222
18-small-car 721 208 742 229
18-small-car 729 214 751 237
18-small-car 745 219 763 241
18-small-car 753 228 772 250
18-small-car 763 237 783 262
18-small-car 802 244 825 268
18-small-car 814 255 832 276
18-small-car 826 258 847 280
18-small-car 837 267 858 289
18-small-car 849 273 868 297
18-small-car 859 280 877 303
18-small-car 867 289 888 313
18-small-car 876 298 895 319
18-small-car 888 304 909 327
18-small-car 900 312 919 333
18-small-car 910 318 931 342
18-small-car 924 325 945 351
18-small-car 930 334 951 357
18-small-car 942 342 963 364
18-small-car 952 352 973 376
18-small-car 789 264 807 286
18-small-car 798 268 817 291
18-small-car 808 279 828 300
18-small-car 820 285 841 307
18-small-car 832 291 853 315
18-small-car 841 301 861 322
18-small-car 862 312 883 336
18-small-car 873 322 891 342
18-small-car 880 327 903 351
18-small-car 889 334 912 358
18-small-car 898 342 922 367
18-small-car 912 355 931 376
18-small-car 922 360 945 385
18-small-car 934 370 954 394
18-small-car 942 376 966 402
18-small-car 466 93 486 115
18-small-car 475 103 493 124
18-small-car 486 108 507 130
18-small-car 498 114 519 138
18-small-car 507 121 529 145
18-small-car 517 132 541 154
18-small-car 528 142 547 163
18-small-car 538 147 559 172
18-small-car 549 157 570 180
18-small-car 559 165 579 187
18-small-car 573 174 592 198
18-small-car 585 178 606 201
18-small-car 595 187 615 208
18-small-car 606 193 627 216
18-small-car 615 202 636 225
18-small-car 627 207 648 232
18-small-car 634 213 661 238
18-small-car 646 222 670 247
18-small-car 661 232 681 255
18-small-car 672 244 691 265
18-small-car 679 250 702 273
18-small-car 691 255 711 279
18-small-car 702 262 724 286
18-small-car 709 271 729 294
18-small-car 718 279 736 301
18-small-car 726 283 748 307
18-small-car 412 84 433 109
18-small-car 421 90 442 114
18-small-car 432 94 454 121
18-small-car 444 103 465 127
18-small-car 451 112 474 135
18-small-car 463 117 483 141
18-small-car 469 124 492 151
18-small-car 481 133 501 156
18-small-car 493 142 513 165
18-small-car 504 153 523 175
18-small-car 511 160 534 187
18-small-car 520 169 543 192
18-small-car 535 178 556 204
18-small-car 546 184 565 211
18-small-car 556 193 576 216
18-small-car 568 198 588 220
18-small-car 574 205 597 232
18-small-car 588 213 609 238
18-small-car 601 222 622 244
18-small-car 612 228 633 250
18-small-car 621 232 642 255
18-small-car 628 243 652 268
18-small-car 645 252 666 276
18-small-car 655 264 676 288
18-small-car 663 267 685 292
18-small-car 673 273 694 295
18-small-car 684 282 708 306
18-small-car 693 288 715 312
18-small-car 700 295 724 324
18-small-car 714 300 733 325
18-small-car 358 109 382 138
18-small-car 372 121 393 144
18-small-car 382 129 405 156
18-small-car 394 139 412 159
18-small-car 405 144 424 165
18-small-car 415 151 438 177
18-small-car 429 162 448 184
18-small-car 438 168 462 192
18-small-car 451 177 474 198
18-small-car 462 187 483 210
18-small-car 477 193 496 217
18-small-car 484 204 505 228
18-small-car 495 211 519 237
18-small-car 507 222 529 243
18-small-car 523 228 546 250
18-small-car 534 235 553 259
18-small-car 549 243 567 264
18-small-car 564 249 583 270
18-small-car 577 253 595 274
18-small-car 589 262 610 286
18-small-car 600 277 618 300
18-small-car 610 282 633 306
18-small-car 619 294 640 316
18-small-car 631 303 652 325
18-small-car 640 310 663 334
18-small-car 657 316 676 342
18-small-car 666 327 687 352
18-small-car 673 336 694 358
18-small-car 295 99 319 129
18-small-car 309 108 331 133
18-small-car 318 112 342 139
18-small-car 333 120 352 144
18-small-car 340 129 363 156
18-small-car 352 138 376 163
18-small-car 363 144 384 169
18-small-car 376 153 394 177
18-small-car 387 163 405 186
18-small-car 396 175 414 198
18-small-car 409 177 429 202
18-small-car 423 187 441 213
18-small-car 432 195 453 220
18-small-car 442 204 465 232
18-small-car 451 210 475 237
18-small-car 468 219 484 244
18-small-car 478 228 498 252
18-small-car 493 240 513 262
18-small-car 507 244 528 270
18-small-car 516 255 535 282
18-small-car 528 267 547 292
18-small-car 543 273 562 301
18-small-car 555 282 574 306
18-small-car 570 291 589 313
18-small-car 579 300 600 325
18-small-car 592 307 613 330
18-small-car 604 313 625 337
18-small-car 616 322 636 346
18-small-car 627 330 646 354
18-small-car 636 337 658 366
18-small-car 649 348 669 373
18-small-car 658 354 681 381
18-small-car 751 300 775 324
18-small-car 765 309 789 333
18-small-car 777 318 798 343
18-small-car 787 327 807 346
18-small-car 798 330 820 355
18-small-car 814 340 831 361
18-small-car 826 346 846 369
18-small-car 837 352 858 376
18-small-car 850 367 868 388
18-small-car 859 375 879 397
18-small-car 870 382 891 403
18-small-car 885 390 904 411
18-small-car 895 397 915 418
18-small-car 904 405 922 426
18-small-car 918 412 933 430
18-small-car 925 418 943 436
18-small-car 936 421 955 444
18-small-car 736 321 757 346
18-small-car 748 327 769 352
18-small-car 762 336 780 358
18-small-car 769 343 792 366
18-small-car 781 349 802 376
18-small-car 799 357 820 382
18-small-car 810 366 832 388
18-small-car 820 372 844 397
18-small-car 834 385 855 408
18-small-car 846 394 865 415
18-small-car 855 400 876 423
18-small-car 867 405 891 430
18-small-car 879 414 900 438
18-small-car 888 420 909 445
18-small-car 898 426 919 451
18-small-car 909 435 930 459
18-small-car 921 439 943 463
18-small-car 930 445 954 472
18-small-car 942 454 963 477
18-small-car 951 462 970 484
18-small-car 961 468 982 490
18-small-car 708 355 729 378
18-small-car 721 361 741 384
18-small-car 733 372 750 391
18-small-car 744 378 763 402
18-small-car 756 387 775 411
18-small-car 768 391 786 415
18-small-car 778 403 796 426
18-small-car 787 411 807 433
18-small-car 798 418 817 441
18-small-car 805 423 829 450
18-small-car 822 432 840 454
18-small-car 831 439 852 460
18-small-car 840 444 862 469
18-small-car 852 453 873 477
18-small-car 864 459 883 480
18-small-car 876 468 897 492
18-small-car 885 478 906 501
18-small-car 897 487 918 510
18-small-car 910 498 928 519
18-small-car 915 502 937 529
18-small-car 925 513 946 537
18-small-car 691 372 712 397
18-small-car 705 379 724 402
18-small-car 718 387 738 412
18-small-car 727 400 745 423
18-small-car 739 406 756 429
18-small-car 748 411 768 433
18-small-car 760 421 780 445
18-small-car 769 427 789 450
18-small-car 783 436 801 459
18-small-car 792 442 810 465
18-small-car 802 448 820 471
18-small-car 811 454 832 480
18-small-car 828 465 844 487
18-small-car 835 471 855 493
18-small-car 844 477 868 504
18-small-car 858 486 877 513
18-small-car 864 492 888 523
18-small-car 415 264 439 291
18-small-car 426 271 447 298
18-small-car 436 277 456 303
18-small-car 447 285 466 309
18-small-car 456 291 477 316
18-small-car 468 298 486 322
18-small-car 477 303 496 324
18-small-car 487 309 505 330
18-small-car 493 315 513 337
18-small-car 501 319 526 349
18-small-car 511 325 535 352
18-small-car 522 336 543 358
18-small-car 531 340 553 366
18-small-car 543 348 562 370
18-small-car 552 352 574 379
18-small-car 559 360 583 384
18-small-car 573 366 591 387
18-small-car 579 372 601 399
18-small-car 591 381 612 402
18-small-car 600 388 619 411
18-small-car 606 397 630 423
18-small-car 667 427 690 451
18-small-car 675 433 700 459
18-small-car 688 442 708 466
18-small-car 696 444 717 474
18-small-car 709 453 727 475
18-small-car 715 460 735 486
18-small-car 729 468 747 490
18-small-car 736 472 757 495
18-small-car 747 480 766 504
18-small-car 754 489 775 511
18-small-car 765 492 786 517
18-small-car 772 499 793 522
18-small-car 783 505 804 529
18-small-car 795 514 813 535
18-small-car 804 519 823 541
18-small-car 813 525 834 549
18-small-car 208 177 228 198
18-small-car 217 186 240 207
18-small-car 225 195 246 216
18-small-car 237 201 256 222
18-small-car 244 208 265 232
18-small-car 258 214 277 235
18-small-car 268 225 289 246
18-small-car 282 232 300 253
18-small-car 294 238 312 261
18-small-car 303 244 324 268
18-small-car 315 253 334 274
18-small-car 325 264 346 285
18-small-car 336 271 357 294
18-small-car 169 180 187 199
18-small-car 177 184 201 207
18-small-car 187 195 208 217
18-small-car 201 202 220 223
18-small-car 210 211 231 231
18-small-car 219 219 237 240
18-small-car 229 225 249 247
18-small-car 243 232 261 253
18-small-car 249 241 270 264
18-small-car 261 246 279 271
18-small-car 270 253 291 280
18-small-car 286 264 306 286
18-small-car 298 271 319 295
18-small-car 310 283 331 304
18-small-car 319 289 342 315
18-small-car 382 306 405 331
18-small-car 393 313 414 337
18-small-car 402 319 418 340
18-small-car 411 328 429 349
18-small-car 424 336 439 355
18-small-car 429 340 448 363
18-small-car 442 346 459 367
18-small-car 448 349 472 376
18-small-car 462 360 480 381
18-small-car 471 366 489 385
18-small-car 478 370 499 393
18-small-car 490 376 507 397
18-small-car 499 382 519 405
18-small-car 510 391 528 412
18-small-car 517 400 535 421
18-small-car 528 403 546 429
18-small-car 535 409 558 435
18-small-car 547 420 564 439
18-small-car 553 423 576 445
18-small-car 565 430 585 451
18-small-car 576 438 597 460
18-small-car 369 327 388 348
18-small-car 378 334 396 355
18-small-car 387 336 409 361
18-small-car 397 343 417 369
18-small-car 409 351 426 376
18-small-car 418 358 435 381
18-small-car 427 364 445 387
18-small-car 436 372 454 394
18-small-car 445 376 463 400
18-small-car 454 381 474 405
18-small-car 465 390 486 415
18-small-car 475 397 492 418
18-small-car 481 402 502 429
18-small-car 493 409 514 432
18-small-car 502 415 522 438
18-small-car 513 421 531 444
18-small-car 522 429 544 451
18-small-car 531 435 552 462
18-small-car 541 435 561 462
18-small-car 552 448 570 472
18-small-car 562 454 585 478
18-small-car 631 474 651 496
18-small-car 643 478 663 501
18-small-car 654 486 675 507
18-small-car 664 496 681 516
18-small-car 673 498 690 519
18-small-car 681 502 702 526
18-small-car 691 513 711 537
18-small-car 702 520 720 541
18-small-car 708 523 729 549
18-small-car 718 535 735 555
18-small-car 727 541 745 559
18-small-car 739 544 759 567
18-small-car 609 477 633 502
18-small-car 616 489 636 513
18-small-car 631 496 651 517
18-small-car 637 501 655 526
18-small-car 648 511 666 534
18-small-car 657 516 676 537
18-small-car 666 523 685 544
18-small-car 678 529 696 552
18-small-car 684 537 705 561
18-small-car 691 546 709 573
18-small-car 702 550 723 573
18-small-car 712 558 729 579
18-small-car 720 562 745 589
18-small-car 817 552 838 571
18-small-car 808 559 831 582
18-small-car 802 573 822 589
18-small-car 882 673 903 700
18-small-car 805 742 831 768
18-small-car 801 709 819 727
18-small-car 643 783 672 807
18-small-car 567 780 588 802
18-small-car 579 750 601 772
18-small-car 798 579 816 598
18-small-car 790 588 808 606
18-small-car 780 594 798 612
18-small-car 771 604 792 622
18-small-car 762 609 787 631
18-small-car 759 618 780 639
18-small-car 751 628 774 649
18-small-car 744 642 763 661
18-small-car 730 648 751 670
18-small-car 724 657 747 681
18-small-car 718 669 739 688
18-small-car 711 676 733 697
18-small-car 703 687 724 708
18-small-car 105 207 124 232
18-small-car 118 217 135 237
18-small-car 124 223 147 246
18-small-car 138 228 159 253
18-small-car 154 241 172 262
18-small-car 162 243 183 267
18-small-car 175 255 193 279
18-small-car 186 261 202 283
18-small-car 198 264 217 291
18-small-car 207 273 228 298
18-small-car 220 285 240 306
18-small-car 231 291 252 315
18-small-car 238 298 259 321
18-small-car 253 307 270 330
18-small-car 261 316 279 337
18-small-car 273 322 292 346
18-small-car 288 333 304 355
18-small-car 57 208 78 232
18-small-car 67 211 88 237
18-small-car 76 223 94 247
18-small-car 88 228 106 253
18-small-car 97 235 118 258
18-small-car 109 241 126 265
18-small-car 118 247 136 270
18-small-car 130 255 151 277
18-small-car 141 258 162 282
18-small-car 151 270 171 292
18-small-car 160 273 180 297
18-small-car 171 285 190 307
18-small-car 181 289 201 310
18-small-car 193 295 211 319
18-small-car 204 303 220 322
18-small-car 214 309 235 333
18-small-car 223 319 243 340
18-small-car 235 324 255 348
18-small-car 246 331 264 352
18-small-car 258 343 276 363
18-small-car 271 348 291 372
18-small-car 334 366 355 387
18-small-car 346 376 363 396
18-small-car 355 381 375 403
18-small-car 363 385 384 409
18-small-car 373 393 393 415
18-small-car 384 399 402 418
18-small-car 396 408 414 427
18-small-car 403 415 420 435
18-small-car 414 420 430 439
18-small-car 423 424 439 447
18-small-car 430 433 448 451
18-small-car 439 438 459 462
18-small-car 448 448 466 466
18-small-car 459 453 477 472
18-small-car 471 459 490 478
18-small-car 478 465 496 487
18-small-car 490 472 511 490
18-small-car 498 478 517 498
18-small-car 507 484 526 505
18-small-car 517 489 535 510
18-small-car 526 495 549 516
18-small-car 319 384 340 406
18-small-car 330 393 349 415
18-small-car 340 399 358 421
18-small-car 348 405 370 427
18-small-car 361 411 382 432
18-small-car 369 418 385 442
18-small-car 378 421 396 447
18-small-car 388 432 406 453
18-small-car 397 436 415 460
18-small-car 406 444 426 463
18-small-car 415 448 435 474
18-small-car 424 454 444 480
18-small-car 435 462 454 484
18-small-car 444 469 462 492
18-small-car 456 477 472 498
18-small-car 466 481 481 505
18-small-car 475 489 492 511
18-small-car 481 493 501 517
18-small-car 495 502 513 523
18-small-car 499 508 522 534
18-small-car 511 516 532 540
18-small-car 582 532 600 553
18-small-car 594 538 612 561
18-small-car 601 547 618 568
18-small-car 615 553 631 573
18-small-car 621 561 640 580
18-small-car 633 565 649 588
18-small-car 643 573 658 594
18-small-car 651 579 669 601
18-small-car 661 588 676 607
18-small-car 669 591 687 613
18-small-car 679 600 694 619
18-small-car 688 604 708 627
18-small-car 570 552 588 574
18-small-car 577 562 595 583
18-small-car 589 567 607 586
18-small-car 594 570 619 598
18-small-car 606 579 627 603
18-small-car 616 585 634 606
18-small-car 625 594 646 615
18-small-car 631 598 655 621
18-small-car 646 604 666 628
18-small-car 655 609 675 631
18-small-car 663 615 685 640
18-small-car 669 622 693 649
18-small-car 1 238 13 261
18-small-car 6 249 25 273
18-small-car 18 255 36 280
18-small-car 30 265 49 286
18-small-car 40 274 55 294
18-small-car 57 279 75 303
18-small-car 69 288 91 310
18-small-car 79 298 99 318
18-small-car 91 307 112 330
18-small-car 105 312 127 334
18-small-car 121 324 139 343
18-small-car 130 333 150 355
18-small-car 141 340 160 361
18-small-car 153 348 171 370
18-small-car 166 349 184 372
18-small-car 171 363 190 382
18-small-car 181 367 201 390
18-small-car 196 375 216 393
18-small-car 207 379 226 400
18-small-car 220 388 237 408
18-small-car 231 396 250 420
18-small-car 93 369 112 393
18-small-car 100 381 120 403
18-small-car 118 391 135 412
18-small-car 141 402 162 430
18-small-car 154 412 171 436
18-small-car 165 418 183 445
18-small-car 175 427 192 445
18-small-car 193 436 210 459
18-small-car 205 442 226 465
18-small-car 279 427 298 448
18-small-car 295 433 315 454
18-small-car 306 441 322 463
18-small-car 316 450 334 469
18-small-car 325 456 343 477
18-small-car 331 459 351 486
18-small-car 342 469 361 490
18-small-car 351 475 370 495
18-small-car 361 481 379 504
18-small-car 369 487 391 511
18-small-car 379 495 397 514
18-small-car 387 501 408 520
18-small-car 397 510 415 531
18-small-car 403 516 423 537
18-small-car 415 522 435 543
18-small-car 426 526 445 547
18-small-car 438 532 456 553
18-small-car 448 538 465 559
18-small-car 457 547 474 567
18-small-car 466 555 483 574
18-small-car 525 598 541 618
18-small-car 541 603 559 622
18-small-car 552 610 568 631
18-small-car 562 616 580 637
18-small-car 570 622 589 643
18-small-car 579 628 600 652
18-small-car 589 636 609 657
18-small-car 600 646 616 664
18-small-car 607 649 628 672
18-small-car 618 657 634 679
18-small-car 627 663 648 687
18-small-car 637 669 655 690
18-small-car 643 676 666 699
18-small-car 474 573 495 595
18-small-car 462 594 481 616
18-small-car 444 600 460 625
18-small-car 433 595 447 621
18-small-car 421 585 436 609
18-small-car 405 585 420 598
18-small-car 379 565 397 588
18-small-car 363 559 382 577
18-small-car 337 540 355 562
18-small-car 249 483 270 507
18-small-car 273 496 286 523
18-small-car 291 511 306 534
18-small-car 301 517 321 541
18-small-car 315 526 331 547
18-small-car 321 529 342 556
18-small-car 385 655 408 684
18-small-car 406 673 427 697
18-small-car 426 684 447 709
18-small-car 459 706 478 727
18-small-car 477 715 498 739
18-small-car 355 702 379 724
18-small-car 376 715 394 738
18-small-car 394 730 412 753
18-small-car 414 739 432 760
18-small-car 423 745 444 768
18-small-car 433 754 451 777
18-small-car 444 759 462 784
18-small-car 451 771 469 787
18-small-car 273 781 295 804
18-small-car 285 792 307 810
18-small-car 286 597 309 621
18-small-car 214 544 232 562
18-small-car 229 546 247 565
18-small-car 238 552 258 576
18-small-car 250 556 267 583
18-small-car 259 565 279 594
18-small-car 192 544 216 565
18-small-car 192 565 208 588
18-small-car 199 571 222 591
18-small-car 205 583 223 604
18-small-car 222 586 238 606
18-small-car 226 592 243 615
18-small-car 229 598 249 627
18-small-car 243 612 261 633
18-small-car 249 619 268 640
18-small-car 261 625 283 648
18-small-car 237 675 253 696
18-small-car 222 666 240 685
18-small-car 198 678 216 699
18-small-car 180 672 205 697
18-small-car 156 616 175 637
18-small-car 169 618 190 642
18-small-car 180 625 198 646
18-small-car 186 631 207 652
18-small-car 195 643 217 667
18-small-car 202 655 222 675
18-small-car 94 477 111 498
18-small-car 103 484 120 507
18-small-car 115 490 130 516
18-small-car 124 496 142 522
18-small-car 136 505 154 526
18-small-car 148 510 163 532
18-small-car 159 517 177 538
18-small-car 81 498 97 522
18-small-car 91 504 109 528
18-small-car 100 510 118 534
18-small-car 109 517 127 541
18-small-car 117 523 136 546
18-small-car 127 532 147 553
18-small-car 139 535 159 562
18-small-car 1 412 19 432
18-small-car 12 418 36 441
18-small-car 34 420 63 447
18-small-car 6 481 25 501
18-small-car 10 507 28 528
18-small-car 1 526 15 549
18-small-car 13 535 31 556
18-small-car 1 436 15 454
