18-small-car 81 61 87 74
18-small-car 443 30 452 42
18-small-car 436 61 444 73
18-small-car 490 199 497 210
18-small-car 458 261 467 274
18-small-car 451 273 461 284
18-small-car 280 42 288 54
18-small-car 289 46 299 57
18-small-car 297 52 306 64
18-small-car 117 84 123 96
18-small-car 122 84 130 99
18-small-car 129 87 136 99
18-small-car 133 91 142 103
18-small-car 141 93 149 105
18-small-car 147 96 153 107
18-small-car 154 98 161 109
18-small-car 159 101 168 114
18-small-car 165 103 173 114
18-small-car 168 106 178 120
18-small-car 175 109 182 120
18-small-car 181 114 189 126
18-small-car 188 116 195 127
18-small-car 192 119 201 130
18-small-car 198 122 207 133
18-small-car 204 123 212 135
18-small-car 210 127 218 138
18-small-car 216 130 223 143
18-small-car 222 132 232 146
18-small-car 231 136 238 147
18-small-car 239 141 246 151
18-small-car 246 144 252 154
18-small-car 251 145 258 157
18-small-car 257 148 267 162
18-small-car 262 154 271 165
18-small-car 270 156 277 167
18-small-car 277 158 283 168
18-small-car 282 162 290 175
18-small-car 289 165 295 177
18-small-car 296 170 303 181
18-small-car 302 169 310 183
18-small-car 309 174 318 186
18-small-car 318 178 327 191
18-small-car 325 178 336 192
18-small-car 464 158 472 167
18-small-car 454 151 464 162
18-small-car 449 147 456 157
18-small-car 417 133 424 142
18-small-car 408 105 421 114
18-small-car 406 111 420 121
18-small-car 410 128 418 140
18-small-car 405 126 413 137
18-small-car 398 124 406 134
18-small-car 391 113 400 125
18-small-car 384 126 393 138
18-small-car 390 136 399 147
18-small-car 431 162 441 175
18-small-car 425 161 433 171
18-small-car 413 158 421 168
18-small-car 408 156 417 166
18-small-car 402 151 411 163
18-small-car 392 147 400 158
18-small-car 383 147 390 159
18-small-car 442 179 451 192
18-small-car 437 178 444 189
18-small-car 432 176 439 186
18-small-car 426 174 434 184
18-small-car 419 172 428 185
18-small-car 414 169 423 183
18-small-car 408 168 416 180
18-small-car 402 165 411 177
18-small-car 393 159 402 171
18-small-car 372 159 383 170
18-small-car 381 168 395 177
18-small-car 378 173 390 183
18-small-car 358 168 366 178
18-small-car 372 182 385 191
18-small-car 363 178 373 189
18-small-car 369 187 381 196
18-small-car 348 178 357 191
18-small-car 335 176 345 188
18-small-car 267 181 281 189
18-small-car 238 153 249 164
18-small-car 108 86 117 96
18-small-car 104 93 113 102
18-small-car 99 97 111 108
18-small-car 96 102 109 114
18-small-car 258 178 266 190
18-small-car 252 178 258 189
18-small-car 246 175 253 187
18-small-car 238 171 247 185
18-small-car 221 168 231 179
18-small-car 216 165 223 174
18-small-car 209 160 217 173
18-small-car 200 157 210 173
18-small-car 196 154 205 166
18-small-car 190 150 199 162
18-small-car 184 149 192 160
18-small-car 177 145 186 158
18-small-car 171 144 177 153
18-small-car 165 140 173 151
18-small-car 155 133 162 146
18-small-car 148 132 156 144
18-small-car 143 130 150 142
18-small-car 138 126 146 138
18-small-car 129 124 138 136
18-small-car 124 123 132 134
18-small-car 118 120 126 129
18-small-car 183 162 191 172
18-small-car 177 159 184 171
18-small-car 172 155 180 165
18-small-car 168 153 174 164
18-small-car 154 147 162 159
18-small-car 150 145 158 157
18-small-car 138 141 146 151
18-small-car 124 135 132 145
18-small-car 113 130 122 143
18-small-car 135 161 149 171
18-small-car 92 110 104 120
18-small-car 88 115 101 125
18-small-car 85 121 97 129
18-small-car 84 128 96 136
17-passenger-vehicle 76 133 96 145
18-small-car 78 146 88 154
17-passenger-vehicle 466 200 478 218
18-small-car 450 201 458 213
18-small-car 445 200 452 212
18-small-car 438 200 444 212
18-small-car 432 200 438 212
18-small-car 426 200 432 212
18-small-car 420 198 426 210
18-small-car 413 199 420 210
18-small-car 407 199 414 210
18-small-car 401 200 407 211
18-small-car 395 198 402 210
18-small-car 389 199 396 210
18-small-car 382 198 390 210
18-small-car 377 196 383 210
18-small-car 370 198 377 210
18-small-car 363 195 371 210
18-small-car 357 195 363 209
18-small-car 350 199 357 210
18-small-car 344 198 350 210
18-small-car 336 198 344 210
18-small-car 327 199 336 210
18-small-car 319 199 328 210
18-small-car 313 199 321 210
18-small-car 306 197 316 209
18-small-car 299 197 308 209
18-small-car 280 196 290 209
18-small-car 265 198 271 208
18-small-car 256 197 264 208
18-small-car 249 196 255 210
18-small-car 240 198 248 210
18-small-car 60 104 69 116
18-small-car 44 127 53 139
18-small-car 52 144 60 158
18-small-car 210 192 219 205
18-small-car 223 217 230 230
18-small-car 216 216 223 228
18-small-car 211 214 219 225
18-small-car 207 210 213 222
18-small-car 200 208 208 220
18-small-car 195 206 202 217
18-small-car 189 204 196 215
18-small-car 184 200 192 212
18-small-car 178 197 186 208
18-small-car 170 195 178 205
18-small-car 162 189 169 198
18-small-car 157 183 165 198
18-small-car 150 183 159 195
21-utility-truck 135 178 147 193
18-small-car 132 175 141 187
18-small-car 122 169 130 180
18-small-car 118 167 125 176
18-small-car 111 162 120 173
18-small-car 106 159 114 168
18-small-car 99 156 108 168
18-small-car 93 153 103 165
18-small-car 86 151 96 163
18-small-car 217 238 230 248
18-small-car 201 231 213 240
18-small-car 186 225 200 234
18-small-car 174 217 186 227
18-small-car 161 210 173 220
18-small-car 149 204 160 213
18-small-car 135 198 147 207
18-small-car 123 191 135 201
18-small-car 108 183 122 193
18-small-car 93 175 105 185
18-small-car 123 207 135 218
18-small-car 41 164 54 171
19-bus 17 160 37 187
18-small-car 37 189 51 195
18-small-car 277 291 291 300
18-small-car 252 279 266 289
18-small-car 239 273 252 283
18-small-car 226 267 238 277
18-small-car 259 297 267 304
18-small-car 251 294 261 304
18-small-car 241 288 248 300
18-small-car 234 285 242 299
18-small-car 222 281 232 294
18-small-car 212 260 225 270
18-small-car 199 253 212 262
18-small-car 188 248 200 258
18-small-car 176 240 189 252
18-small-car 162 235 175 244
18-small-car 150 229 164 240
18-small-car 198 271 210 283
18-small-car 197 269 204 277
18-small-car 189 266 198 278
18-small-car 184 264 192 275
18-small-car 178 262 185 274
18-small-car 172 260 179 270
18-small-car 164 252 175 260
18-small-car 156 250 163 261
18-small-car 148 246 156 258
18-small-car 143 243 150 253
18-small-car 137 241 144 252
18-small-car 192 294 199 304
18-small-car 186 291 193 300
18-small-car 182 288 189 298
18-small-car 176 285 183 296
18-small-car 169 284 177 294
18-small-car 162 281 170 291
18-small-car 158 278 165 287
18-small-car 153 275 159 285
18-small-car 148 272 154 282
18-small-car 141 269 148 280
18-small-car 170 295 177 304
18-small-car 163 293 171 303
18-small-car 157 291 164 301
18-small-car 151 286 159 296
18-small-car 143 284 152 295
18-small-car 136 280 144 291
18-small-car 131 278 139 288
18-small-car 132 227 144 233
18-small-car 133 252 141 262
18-small-car 123 264 132 274
18-small-car 117 273 126 285
18-small-car 111 285 118 294
18-small-car 104 296 111 304
18-small-car 128 232 141 238
18-small-car 124 238 136 244
18-small-car 120 244 134 250
18-small-car 116 250 130 256
18-small-car 114 255 126 261
18-small-car 112 261 124 267
18-small-car 108 267 120 273
18-small-car 106 273 117 278
18-small-car 102 278 114 284
18-small-car 100 284 112 289
18-small-car 99 288 110 295
18-small-car 91 294 105 300
18-small-car 88 300 104 304
18-small-car 105 223 114 234
18-small-car 102 231 111 241
18-small-car 99 237 108 247
18-small-car 96 243 105 252
18-small-car 91 246 100 255
18-small-car 89 252 99 264
18-small-car 86 260 94 270
18-small-car 81 264 90 275
18-small-car 79 270 87 280
18-small-car 74 275 85 287
18-small-car 72 281 81 290
18-small-car 68 286 78 297
18-small-car 65 292 74 303
18-small-car 61 297 69 304
18-small-car 92 221 102 227
18-small-car 89 227 103 233
18-small-car 86 233 99 238
18-small-car 84 238 96 244
18-small-car 77 244 91 250
18-small-car 75 251 90 256
18-small-car 73 255 87 262
18-small-car 71 261 81 267
18-small-car 66 267 80 273
18-small-car 62 273 75 279
18-small-car 59 278 72 284
18-small-car 55 285 69 290
18-small-car 51 290 66 296
18-small-car 51 296 62 302
18-small-car 69 214 77 222
18-small-car 64 216 73 226
18-small-car 62 225 72 236
18-small-car 57 228 66 239
18-small-car 63 255 71 264
18-small-car 60 247 69 259
18-small-car 46 272 56 285
18-small-car 55 236 64 247
18-small-car 51 240 60 251
18-small-car 48 247 57 259
18-small-car 44 253 54 264
18-small-car 42 258 51 269
18-small-car 36 264 46 274
18-small-car 34 270 43 279
18-small-car 29 275 39 285
18-small-car 26 281 36 293
18-small-car 26 290 34 301
18-small-car 21 294 30 304
18-small-car 16 298 25 304
18-small-car 56 206 66 218
18-small-car 53 211 63 222
18-small-car 51 218 61 230
18-small-car 45 224 57 237
18-small-car 43 230 54 241
18-small-car 40 237 50 247
18-small-car 36 241 46 252
18-small-car 33 248 44 258
18-small-car 30 252 39 263
18-small-car 26 258 36 269
18-small-car 23 264 33 277
18-small-car 18 267 28 278
18-small-car 16 275 26 287
18-small-car 12 279 22 291
18-small-car 9 288 19 297
18-small-car 6 292 16 303
18-small-car 3 297 10 304
18-small-car 23 240 33 252
18-small-car 33 195 48 201
18-small-car 13 226 26 234
18-small-car 9 233 23 240
18-small-car 8 240 20 246
18-small-car 6 245 18 251
18-small-car 0 276 6 288
18-small-car 419 283 427 294
18-small-car 494 292 503 303
18-small-car 489 291 495 302
18-small-car 482 287 489 298
18-small-car 476 285 484 296
18-small-car 470 283 476 293
18-small-car 90 18 103 27
18-small-car 91 11 104 18
18-small-car 88 1 105 10
18-small-car 43 300 55 303
