18-small-car 517 50 541 66
18-small-car 525 60 546 75
18-small-car 531 70 558 87
18-small-car 540 80 563 96
18-small-car 545 87 571 107
18-small-car 556 97 580 112
18-small-car 563 107 583 121
18-small-car 570 116 592 131
18-small-car 578 125 601 141
18-small-car 583 135 610 153
18-small-car 591 147 616 160
18-small-car 597 155 623 170
18-small-car 466 42 480 66
18-small-car 447 51 460 72
18-small-car 433 57 446 80
18-small-car 420 61 433 86
18-small-car 406 67 418 90
18-small-car 392 73 406 96
18-small-car 381 78 392 101
18-small-car 366 83 377 106
18-small-car 352 90 363 110
18-small-car 603 387 623 410
18-small-car 556 397 582 410
18-small-car 541 378 565 395
18-small-car 513 385 538 397
18-small-car 503 376 530 390
18-small-car 518 362 545 375
18-small-car 512 352 545 363
18-small-car 515 341 540 353
18-small-car 495 327 523 343
18-small-car 480 321 510 336
18-small-car 452 366 463 380
18-small-car 437 342 451 358
18-small-car 427 323 441 343
18-small-car 366 368 387 391
18-small-car 373 397 390 410
18-small-car 320 390 340 410
18-small-car 201 390 218 410
18-small-car 583 198 602 218
18-small-car 566 203 580 228
18-small-car 552 208 566 233
18-small-car 536 217 548 238
18-small-car 521 222 535 248
18-small-car 508 228 520 255
18-small-car 493 233 506 260
18-small-car 478 238 492 266
18-small-car 465 245 478 272
18-small-car 451 251 463 278
18-small-car 435 257 448 283
18-small-car 422 265 435 288
18-small-car 408 273 420 296
18-small-car 392 276 406 301
18-small-car 380 282 391 307
18-small-car 366 287 378 315
18-small-car 351 295 365 322
18-small-car 338 301 352 327
18-small-car 323 306 337 333
18-small-car 281 322 295 351
18-small-car 252 333 266 365
18-small-car 226 351 238 375
18-small-car 197 361 210 390
18-small-car 173 365 190 392
18-small-car 148 350 176 372
18-small-car 481 107 505 120
18-small-car 486 115 508 127
18-small-car 490 118 515 133
18-small-car 491 126 520 140
18-small-car 501 138 531 153
18-small-car 510 148 536 166
18-small-car 466 88 492 107
18-small-car 453 90 480 112
18-small-car 437 98 463 120
18-small-car 425 108 452 126
18-small-car 410 112 438 130
18-small-car 398 118 423 137
18-small-car 386 118 411 145
18-small-car 528 175 552 191
18-small-car 466 118 482 133
18-small-car 452 122 471 138
18-small-car 441 128 460 145
18-small-car 432 133 448 151
18-small-car 417 136 435 153
18-small-car 407 141 423 158
18-small-car 393 148 412 165
18-small-car 381 152 400 168
18-small-car 358 163 376 182
18-small-car 342 168 363 187
18-small-car 328 176 345 193
18-small-car 316 181 333 198
18-small-car 306 187 325 202
18-small-car 296 191 316 207
18-small-car 283 195 302 212
18-small-car 270 200 288 221
18-small-car 261 205 277 223
18-small-car 247 210 267 231
18-small-car 237 215 253 233
18-small-car 223 220 243 237
18-small-car 165 128 190 143
18-small-car 138 140 163 156
18-small-car 190 233 210 253
18-small-car 178 240 197 260
18-small-car 122 190 137 212
18-small-car 105 196 121 218
18-small-car 83 205 103 226
18-small-car 68 212 88 232
18-small-car 60 243 86 258
18-small-car 71 255 96 272
18-small-car 488 162 508 181
18-small-car 477 166 498 186
18-small-car 463 172 483 191
18-small-car 450 180 471 198
18-small-car 437 183 458 203
18-small-car 425 188 446 208
18-small-car 413 193 435 215
18-small-car 401 200 423 218
18-small-car 390 205 410 226
18-small-car 377 210 400 228
18-small-car 366 211 385 235
18-small-car 361 217 377 236
18-small-car 348 222 368 241
18-small-car 336 228 356 247
18-small-car 315 238 332 256
18-small-car 302 240 321 262
18-small-car 288 245 308 266
18-small-car 280 250 295 268
18-small-car 267 255 282 271
18-small-car 256 256 272 278
18-small-car 241 261 260 283
18-small-car 221 272 241 297
18-small-car 213 278 231 300
18-small-car 200 280 217 303
18-small-car 185 287 202 307
18-small-car 195 315 220 333
18-small-car 90 273 113 290
18-small-car 93 287 125 302
18-small-car 101 296 126 312
18-small-car 108 306 141 323
18-small-car 520 181 540 195
18-small-car 503 187 523 201
18-small-car 486 191 510 207
18-small-car 470 198 495 213
18-small-car 455 203 477 220
18-small-car 441 212 465 226
18-small-car 430 217 451 232
18-small-car 416 225 441 240
18-small-car 403 231 422 243
18-small-car 388 236 411 248
18-small-car 373 241 398 258
18-small-car 358 248 380 260
18-small-car 345 252 366 266
18-small-car 331 257 356 275
18-small-car 317 263 340 281
18-small-car 302 271 322 283
18-small-car 285 276 307 292
18-small-car 1 37 20 48
18-small-car 5 47 27 57
18-small-car 8 57 33 67
18-small-car 21 65 45 77
18-small-car 27 77 53 88
18-small-car 37 87 63 98
18-small-car 41 100 68 111
18-small-car 52 111 77 125
18-small-car 1 25 13 37
